Time [s],V3-5,V4-6,V5-7,V6-8,V7-9,V8-10,V9-11,V10-12,V11-13,V12-14,V13-15,V14-16,V15-17,V16-18,V17-18
1,-77.56,-329.19,-284.44,74.12,32.94,14.38,103.19,-24.44,169.25,150.12,30.12,58.56,-113.44,-198.13,-100.81
2,-77.56,-329.19,-284.5,74.12,33,14.44,103.19,-24.44,169.25,150.12,30.06,58.56,-113.44,-198.19,-100.87
3,-77.56,-329.19,-284.5,74.06,32.94,14.44,103.19,-24.44,169.25,150.12,30.06,58.56,-113.44,-198.25,-100.94
4,-77.56,-329.19,-284.5,74.06,33,14.44,103.19,-24.44,169.25,150.12,30.12,58.56,-113.44,-198.25,-101
5,-77.56,-329.19,-284.5,74.06,32.94,14.5,103.19,-24.5,169.25,150.12,30.06,58.56,-113.44,-198.31,-101
6,-77.5,-329.13,-284.5,74,32.94,14.5,103.19,-24.44,169.25,150.19,30.06,58.56,-113.44,-198.31,-101.06
7,-77.5,-329.13,-284.5,73.94,33,14.56,103.19,-24.5,169.19,150.12,30.12,58.56,-113.44,-198.38,-101.06
8,-77.44,-329.13,-284.5,73.94,32.94,14.56,103.25,-24.5,169.19,150.12,30.12,58.56,-113.44,-198.38,-101.12
9,-77.44,-329.06,-284.5,73.94,33,14.63,103.25,-24.5,169.19,150.12,30.12,58.63,-113.44,-198.44,-101.12
10,-77.44,-329.06,-284.5,73.87,33,14.63,103.25,-24.56,169.19,150.12,30.12,58.63,-113.44,-198.44,-101.19
11,-77.44,-329.06,-284.5,73.87,33,14.63,103.19,-24.5,169.13,150.12,30.06,58.63,-113.37,-198.5,-101.19
12,-77.44,-329.06,-284.5,73.81,33,14.69,103.25,-24.56,169.19,150.12,30.06,58.56,-113.37,-198.5,-101.25
13,-77.44,-329,-284.5,73.81,33,14.69,103.25,-24.56,169.13,150.19,30.06,58.56,-113.37,-198.56,-101.31
14,-77.5,-329,-284.5,73.75,33,14.75,103.25,-24.56,169.13,150.19,30.06,58.63,-113.37,-198.56,-101.31
15,-77.5,-329,-284.5,73.75,33,14.75,103.25,-24.56,169.13,150.19,30.06,58.56,-113.37,-198.56,-101.38
16,-77.56,-329.06,-284.5,73.69,33,14.81,103.25,-24.56,169.19,150.19,30.06,58.56,-113.37,-198.56,-101.38
17,-77.56,-329,-284.5,73.69,32.94,14.81,103.25,-24.56,169.13,150.19,30.06,58.56,-113.37,-198.62,-101.38
18,-77.5,-329.06,-284.5,73.69,33,14.81,103.25,-24.63,169.19,150.19,30.06,58.56,-113.37,-198.62,-101.44
19,-77.5,-329.06,-284.5,73.62,33,14.87,103.25,-24.63,169.13,150.25,30.12,58.56,-113.37,-198.62,-101.44
20,-77.5,-329,-284.5,73.62,33,14.94,103.25,-24.63,169.13,150.25,30.06,58.5,-113.37,-198.69,-101.5
21,-73.44,-322.69,-279.13,73.81,32.25,14.87,101.69,-27.06,167.75,148.81,27.31,61,-109.56,-194.56,-95.69
22,-74,-322.94,-279.5,73.56,31.5,15.13,102,-27,168.31,148.87,27.13,61,-109.44,-194.37,-95.25
23,-74.44,-323.25,-279.87,73.81,30.94,15.13,102.44,-27.06,168.44,148.94,27.06,61.13,-109.37,-194.19,-94.87
24,-74.87,-323.5,-280.25,73.94,30.5,15.19,102.81,-27.19,168.56,148.94,27.19,61.25,-109.37,-194.31,-94.87
25,-75.19,-323.75,-280.62,74.06,30.25,15.25,103.19,-27.25,168.62,148.87,27.25,61.37,-109.5,-194.56,-95
26,-75.5,-324,-280.94,74.19,30,15.31,103.5,-27.37,168.62,148.87,27.44,61.5,-109.69,-194.81,-95.12
27,-75.75,-324.19,-281.13,74.56,29.81,15.06,103.75,-27.56,168.62,148.94,27.62,61.63,-109.87,-195.12,-95.38
28,-75.81,-324.37,-281.31,75.12,29.69,14.69,104,-27.69,168.62,149,27.81,61.81,-110.06,-195.44,-95.62
29,-75.87,-324.56,-281.56,75.19,29.63,14.75,104.19,-27.81,168.56,148.94,28.06,61.94,-110.25,-195.81,-95.94
30,-76.06,-324.69,-281.75,75.19,29.56,14.94,104.38,-27.94,168.56,148.94,28.25,62.06,-110.5,-196.19,-96.25
31,-76.12,-324.81,-281.87,74.94,29.5,15.31,104.5,-28.12,168.56,148.94,28.44,62.19,-110.69,-196.63,-96.63
32,-76.19,-324.94,-282,74.81,29.44,15.56,104.75,-28.12,168.5,148.81,28.62,62.38,-110.88,-196.94,-96.87
33,-76.31,-325.06,-282.12,74.94,29.31,15.56,104.94,-28.25,168.44,148.75,28.75,62.44,-111.06,-197.25,-97.25
34,-76.31,-325.19,-282.25,75,29.19,15.63,105.25,-28.31,168.44,148.62,28.94,62.62,-111.19,-197.5,-97.44
35,-76.37,-325.25,-282.37,75,29,15.81,105.5,-28.5,168.44,148.56,29.06,62.75,-111.37,-197.75,-97.69
36,-76.44,-325.31,-282.44,75,28.94,15.75,105.75,-28.44,168.37,148.44,29.25,62.88,-111.5,-197.94,-97.94
37,-76.44,-325.44,-282.56,75,29.44,15.63,105.31,-28.31,168.37,148.31,29.31,63,-111.62,-198.13,-98.12
38,-76.5,-325.44,-282.62,74.94,29.31,15.75,105.56,-28.31,168.31,148.25,29.44,63.13,-111.81,-198.25,-98.25
39,-76.56,-325.5,-282.69,75.06,29,15.75,106,-28.44,168.31,148.13,29.56,63.25,-111.94,-198.31,-98.44
40,-76.5,-325.56,-282.75,75.06,28.75,15.94,106.31,-28.56,168.25,148.06,29.69,63.31,-112.06,-198.44,-98.5
41,-76.56,-325.56,-282.81,74.94,28.62,16.12,106.44,-28.69,168.19,148,29.75,63.38,-112.19,-198.5,-98.62
42,-76.5,-325.62,-282.87,74.87,28.62,16.25,106.63,-28.69,168.13,147.94,29.87,63.44,-112.31,-198.56,-98.75
43,-76.5,-325.62,-282.87,75,28.62,16.19,106.75,-28.75,168.06,147.87,29.94,63.5,-112.37,-198.69,-98.87
44,-76.5,-325.69,-282.94,74.94,28.56,16.25,106.87,-28.75,168,147.81,30.06,63.56,-112.44,-198.81,-98.94
45,-76.44,-325.69,-283,74.87,28.5,16.37,107,-28.81,167.94,147.75,30.12,63.63,-112.56,-198.87,-99.06
46,-76.44,-325.69,-283,74.81,28.5,16.37,107.06,-28.81,167.87,147.69,30.19,63.63,-112.56,-198.94,-99.13
47,-76.44,-325.69,-283,74.75,28.5,16.5,107.19,-28.81,167.75,147.62,30.25,63.69,-112.62,-199,-99.25
48,-76.37,-325.69,-283,74.75,28.44,16.62,107.31,-28.87,167.69,147.56,30.31,63.69,-112.69,-199.12,-99.37
49,-76.37,-325.69,-283,74.75,28.44,16.69,107.37,-28.94,167.62,147.5,30.37,63.75,-112.75,-199.19,-99.44
50,-76.44,-325.69,-283.06,74.69,28.44,16.62,107.5,-28.87,167.56,147.44,30.44,63.75,-112.81,-199.19,-99.5
51,-76.44,-325.69,-283.06,74.62,28.44,16.69,107.56,-28.87,167.5,147.44,30.44,63.75,-112.88,-199.31,-99.56
52,-76.44,-325.69,-283.06,74.62,28.44,16.75,107.63,-28.87,167.44,147.31,30.5,63.81,-112.88,-199.38,-99.69
53,-76.44,-325.69,-283.06,74.62,28.44,16.75,107.69,-28.87,167.31,147.25,30.5,63.81,-112.94,-199.44,-99.75
54,-76.44,-325.62,-283,74.75,28.38,16.69,107.75,-28.87,167.25,147.25,30.56,63.81,-112.94,-199.5,-99.87
55,-76.44,-325.62,-283,74.87,28.38,16.5,107.81,-28.94,167.13,147.19,30.56,63.81,-112.94,-199.31,-99.69
56,-76.5,-325.62,-283,74.94,28.44,16.44,107.94,-28.87,167.06,147.19,30.62,63.81,-113,-199.25,-99.69
57,-76.5,-325.56,-283,75,28.38,16.37,107.94,-28.87,167,147.13,30.62,63.81,-113,-199.44,-99.87
58,-76.5,-325.56,-283,74.94,28.38,16.5,108,-28.94,166.94,147.06,30.69,63.87,-113.06,-199.06,-99.5
59,-76.5,-325.5,-283,74.87,28.44,16.56,108.06,-28.87,166.88,147.06,30.69,63.87,-113.06,-199.12,-99.62
60,-76.5,-325.44,-283,74.75,28.44,16.62,108.12,-28.87,166.75,147,30.69,63.81,-113.12,-199.38,-99.81
61,-76.5,-325.44,-282.94,74.75,28.44,16.69,108.19,-28.87,166.69,147,30.75,63.81,-113.12,-199.5,-100
62,-76.5,-325.38,-282.94,74.69,28.44,16.69,108.25,-28.87,166.69,146.94,30.75,63.81,-113.12,-199.56,-100.06
63,-76.56,-325.38,-282.94,74.69,28.44,16.69,108.25,-28.87,166.56,146.94,30.75,63.81,-113.12,-199.62,-100.12
64,-76.56,-325.31,-282.87,74.69,28.44,16.69,108.31,-28.87,166.5,146.87,30.75,63.81,-113.12,-199.69,-100.19
65,-76.56,-325.25,-282.87,74.62,28.44,16.75,108.37,-28.81,166.44,146.87,30.81,63.81,-113.19,-199.69,-100.19
66,-76.5,-325.19,-282.87,74.62,28.44,16.75,108.37,-28.81,166.37,146.81,30.81,63.81,-113.19,-199.69,-100.19
67,-76.5,-325.13,-282.87,74.56,28.5,16.81,108.37,-28.87,166.25,146.81,30.81,63.75,-113.19,-199.75,-100.25
68,-76.5,-325.13,-282.87,74.56,28.5,16.87,108.5,-28.81,166.19,146.75,30.81,63.81,-113.12,-199.75,-100.31
69,-76.44,-325.06,-282.87,74.62,28.5,16.75,108.5,-28.75,166.12,146.69,30.81,63.81,-113.19,-199.75,-100.31
70,-76.44,-325,-282.87,74.62,28.5,16.81,108.56,-28.75,166.06,146.69,30.88,63.81,-113.19,-199.81,-100.31
71,-76.37,-324.94,-282.81,74.5,28.5,16.81,108.63,-28.81,165.94,146.62,30.88,63.81,-113.12,-199.81,-100.38
72,-76.37,-324.94,-282.87,74.44,28.5,16.94,108.63,-28.75,165.88,146.56,30.88,63.81,-113.19,-199.81,-100.38
73,-76.37,-324.94,-282.81,74.44,28.5,16.94,108.63,-28.81,165.81,146.5,30.88,63.75,-113.19,-199.81,-100.38
74,-76.37,-324.88,-282.81,74.37,28.56,17,108.69,-28.69,165.75,146.5,30.88,63.75,-113.19,-199.81,-100.44
75,-76.44,-324.88,-282.75,74.5,28.56,16.87,108.69,-28.75,165.69,146.5,30.88,63.75,-113.19,-199.81,-100.44
76,-76.44,-324.81,-282.75,74.5,28.56,16.81,108.75,-28.69,165.62,146.44,30.88,63.69,-113.19,-199.81,-100.44
77,-76.5,-324.75,-282.75,74.44,28.56,16.87,108.75,-28.69,165.56,146.44,30.88,63.69,-113.19,-199.81,-100.44
78,-76.5,-324.75,-282.75,74.75,28.56,16.56,108.75,-28.69,165.5,146.37,30.88,63.69,-113.19,-199.81,-100.5
79,-76.5,-324.75,-282.75,75.62,28.56,15.75,108.81,-28.69,165.5,146.37,30.88,63.69,-113.19,-199.81,-100.5
80,-76.56,-324.75,-282.75,75.44,28.62,15.88,108.81,-28.62,165.44,146.44,30.88,63.63,-113.19,-199.81,-100.5
