Time [s],V3-5,V4-6,V5-7,V6-8,V7-9,V8-10,V9-11,V10-12,V11-13,V12-14,V13-15,V14-16,V15-17,V16-18,V17-18
1,-79.06,-330.31,-263.06,71.12,14.06,21.69,103.19,-27.5,163.44,146.81,28.12,44.06,-115.31,-177.25,-88.56
2,-79,-330.37,-263.06,71.06,14.06,21.69,103.25,-27.5,163.5,146.87,28.12,44.06,-115.31,-177.31,-88.62
3,-78.94,-330.37,-263.12,71.12,14.06,21.69,103.25,-27.5,163.5,146.87,28.12,44.06,-115.31,-177.38,-88.69
4,-78.94,-330.37,-263.12,71.12,14.06,21.69,103.31,-27.5,163.5,146.94,28.12,44.06,-115.31,-177.44,-88.75
5,-78.94,-330.44,-263.12,71.12,14.19,21.69,103.25,-27.5,163.5,146.94,28.12,44,-115.31,-177.44,-88.75
6,-78.94,-330.44,-263.19,71.12,14.13,21.69,103.19,-27.5,163.5,146.94,28.12,44,-115.25,-177.5,-88.87
7,-78.94,-330.56,-263.19,71.06,14.13,21.69,103.31,-27.5,163.5,147,28.12,44,-115.31,-177.56,-88.87
8,-78.94,-330.56,-263.19,71.06,14.19,21.69,103.25,-27.5,163.5,147,28.12,44,-115.25,-177.56,-88.94
9,-78.94,-330.62,-263.19,71.06,14.25,21.62,103.25,-27.5,163.5,147.06,28.12,44,-115.31,-177.62,-89
10,-79,-330.69,-263.25,71.06,14.19,21.62,103.31,-27.56,163.5,147.13,28.12,43.94,-115.31,-177.69,-89.06
11,-79,-330.69,-263.25,71.06,14.19,21.62,103.25,-27.5,163.56,147.13,28.12,43.87,-115.31,-177.75,-89.13
12,-79.06,-330.75,-263.25,71.06,14.19,21.62,103.31,-27.56,163.56,147.19,28.12,43.87,-115.31,-177.75,-89.19
13,-79.12,-330.75,-263.25,71.06,14.19,21.62,103.31,-27.56,163.56,147.25,28.06,43.87,-115.25,-177.81,-89.25
14,-79.12,-330.81,-263.31,71.06,14.25,21.62,103.31,-27.56,163.56,147.25,28.12,43.87,-115.31,-177.87,-89.31
15,-79.12,-330.87,-263.31,71.06,14.19,21.62,103.38,-27.56,163.56,147.31,28.12,43.81,-115.31,-177.94,-89.37
16,-79.12,-330.94,-263.31,71.06,14.5,21.62,103.06,-27.56,163.56,147.31,28.12,43.81,-115.31,-177.94,-89.44
17,-79.19,-330.94,-263.37,71.06,14.31,21.56,103.25,-27.56,163.56,147.37,28.12,43.81,-115.31,-178,-89.44
18,-79.19,-331,-263.37,71.06,14.25,21.56,103.38,-27.56,163.62,147.37,28.12,43.81,-115.31,-178,-89.5
19,-79.19,-331,-263.37,71.06,14.19,21.56,103.38,-27.56,163.62,147.37,28.12,43.75,-115.31,-178.06,-89.56
20,-79.12,-331.06,-263.37,71.06,14.19,21.56,103.44,-27.62,163.62,147.44,28.12,43.75,-115.31,-178.12,-89.62
21,-74,-323.56,-257.06,75.69,13.75,16.87,102.12,-22.62,160.19,136.69,24.81,47.38,-110.25,-173.44,-84.62
22,-75.06,-324,-257.31,75.31,13.5,17.06,102.38,-22.56,160.31,137.12,24.81,47.38,-110.25,-172.62,-83.5
23,-75.94,-324.44,-257.5,75.06,13.25,17.37,102.62,-22.69,160.37,137.5,24.87,47.44,-110.37,-172.37,-82.75
24,-76.56,-324.75,-257.81,74.69,13.06,17.69,102.87,-22.75,160.44,137.88,25,47.56,-110.63,-172.31,-82.37
25,-77.06,-325.06,-258,74.31,12.94,18,103.12,-22.81,160.56,138.12,25.19,47.75,-110.81,-172.31,-82.06
26,-77.5,-325.31,-258.19,74,12.81,18.31,103.25,-22.94,160.63,138.37,25.37,47.88,-111.06,-172.5,-81.94
27,-77.81,-325.5,-258.38,73.69,12.75,18.56,103.38,-23.12,160.69,138.62,25.56,48.06,-111.37,-172.75,-81.87
28,-78.19,-325.62,-258.56,73.5,12.63,18.87,103.5,-23.31,160.75,138.81,25.81,48.25,-111.56,-173.06,-82.06
29,-78.5,-325.81,-258.69,73.31,12.56,19.12,103.62,-23.5,160.69,139,26.06,48.44,-111.81,-173.44,-82.19
30,-78.69,-325.94,-258.75,73.06,12.5,19.37,103.69,-23.69,160.63,139.19,26.31,48.56,-112.12,-173.75,-82.37
31,-78.81,-326.06,-258.81,72.94,12.37,19.56,103.94,-23.75,160.69,139.25,26.5,48.75,-112.37,-174.12,-82.5
32,-78.94,-326.19,-258.87,72.75,12.37,19.75,103.94,-23.87,160.69,139.31,26.69,48.81,-112.56,-174.5,-82.69
33,-79,-326.25,-258.94,72.62,12.44,19.94,103.94,-23.94,160.69,139.37,26.87,49,-112.75,-174.81,-82.94
34,-79,-326.31,-259.06,72.5,12.37,20.06,104.06,-24,160.69,139.44,27.06,49.06,-113,-175.19,-83.12
35,-79,-326.44,-259.06,72.44,12.37,20.19,104.12,-24,160.63,139.44,27.19,49.19,-113.19,-175.56,-83.31
36,-79,-326.44,-259.12,72.31,12.31,20.31,104.25,-24.06,160.69,139.44,27.31,49.25,-113.37,-175.87,-83.56
37,-78.94,-326.5,-259.19,72.19,12.31,20.44,104.38,-24.06,160.63,139.5,27.44,49.38,-113.5,-176.19,-83.75
38,-79,-326.56,-259.25,72.12,12.37,20.5,104.38,-24.12,160.63,139.5,27.56,49.44,-113.62,-176.5,-84
39,-79,-326.62,-259.31,72.06,12.37,20.56,104.44,-24.19,160.56,139.56,27.69,49.5,-113.75,-176.75,-84.19
40,-79.06,-326.62,-259.37,72,12.44,20.69,104.44,-24.25,160.63,139.62,27.81,49.56,-113.88,-177.06,-84.44
41,-79.12,-326.62,-259.37,71.94,12.44,20.69,104.44,-24.37,160.56,139.69,27.87,49.69,-114,-177.38,-84.69
42,-79.12,-326.62,-259.44,71.94,12.5,20.69,104.5,-24.63,160.63,139.88,28,49.69,-114.12,-177.62,-84.94
43,-79.19,-326.62,-259.44,71.94,12.44,20.69,104.5,-24.81,160.56,140.06,28.06,49.75,-114.25,-177.87,-85.12
44,-79.25,-326.62,-259.5,71.94,12.5,20.75,104.56,-25,160.56,140.25,28.19,49.81,-114.31,-178.12,-85.31
45,-79.25,-326.56,-259.56,71.94,12.5,20.75,104.5,-25.19,160.63,140.44,28.25,49.88,-114.44,-178.31,-85.5
46,-79.25,-326.56,-259.56,71.94,12.56,20.81,104.5,-25.37,160.63,140.56,28.31,49.88,-114.5,-178.5,-85.62
47,-79.31,-326.56,-259.56,71.87,12.5,20.88,104.56,-25.5,160.63,140.75,28.44,49.94,-114.56,-178.69,-85.81
48,-79.31,-326.62,-259.56,71.87,12.56,20.88,104.5,-25.75,160.63,140.88,28.5,49.94,-114.62,-178.87,-85.87
49,-79.31,-326.62,-259.56,71.87,12.56,20.94,104.5,-25.88,160.69,141.06,28.56,50,-114.69,-179.06,-86.06
50,-79.31,-326.69,-259.56,71.81,12.5,21,104.56,-26.06,160.69,141.19,28.62,50,-114.81,-179.19,-86.19
51,-79.37,-326.69,-259.56,71.81,12.44,21,104.56,-26.19,160.69,141.31,28.62,50,-114.81,-179.38,-86.31
52,-79.5,-326.75,-259.56,71.75,12.56,21.12,104.5,-26.31,160.75,141.44,28.69,50,-114.88,-179.5,-86.37
53,-79.56,-326.81,-259.56,71.69,12.5,21.19,104.56,-26.44,160.75,141.56,28.75,50,-114.94,-179.63,-86.5
54,-79.56,-326.88,-259.56,71.69,12.5,21.19,104.56,-26.62,160.75,141.69,28.75,50,-115,-179.75,-86.63
55,-79.62,-326.88,-259.56,71.62,12.5,21.25,104.63,-26.69,160.75,141.75,28.81,50,-115.06,-179.87,-86.69
56,-79.69,-326.94,-259.56,71.62,12.44,21.31,104.69,-26.81,160.75,141.88,28.81,50,-115.12,-180,-86.81
57,-79.75,-326.94,-259.56,71.62,12.37,21.31,104.69,-26.94,160.75,142,28.87,50,-115.12,-180.12,-86.87
58,-79.81,-327,-259.56,71.56,12.44,21.37,104.63,-27,160.75,142.06,28.87,50,-115.19,-180.19,-87
59,-79.81,-327,-259.56,71.56,12.5,21.37,104.63,-27.13,160.75,142.19,28.94,50,-115.25,-180.31,-87.06
60,-79.81,-327,-259.56,71.5,12.44,21.44,104.75,-27.25,160.69,142.25,28.94,50,-115.25,-180.44,-87.12
61,-79.75,-327.06,-259.56,71.5,12.25,21.44,104.94,-27.31,160.69,142.37,29,50,-115.31,-180.5,-87.19
62,-79.81,-327.06,-259.56,71.5,12.31,21.5,104.81,-27.44,160.63,142.44,29.06,50,-115.31,-180.56,-87.25
63,-79.87,-327.13,-259.5,71.44,12.31,21.5,104.87,-27.5,160.69,142.5,29.06,50,-115.31,-180.69,-87.37
64,-79.94,-327.19,-259.5,71.44,12.37,21.56,104.87,-27.62,160.63,142.62,29.06,50,-115.37,-180.75,-87.44
65,-79.87,-327.19,-259.5,71.44,12.31,21.56,104.94,-27.69,160.56,142.69,29.12,50,-115.37,-180.81,-87.5
66,-79.87,-327.25,-259.5,71.37,12.31,21.62,105,-27.81,160.63,142.75,29.12,50,-115.44,-180.87,-87.56
67,-79.87,-327.25,-259.5,71.37,12.37,21.62,104.94,-27.81,160.56,142.81,29.12,50,-115.44,-180.94,-87.62
68,-79.94,-327.25,-259.44,71.31,12.37,21.62,104.94,-27.94,160.56,142.87,29.12,50,-115.5,-181,-87.69
69,-80.06,-327.31,-259.5,71.37,12.37,21.69,104.94,-28,160.56,142.94,29.19,50,-115.5,-181.12,-87.75
70,-80.12,-327.31,-259.5,71.31,12.37,21.69,104.94,-28.06,160.56,143,29.19,50,-115.5,-181.12,-87.75
71,-80.19,-327.31,-259.5,71.31,12.37,21.69,105,-28.12,160.56,143.06,29.19,50,-115.56,-181.25,-87.88
72,-80.25,-327.31,-259.5,71.31,12.37,21.75,105,-28.19,160.56,143.13,29.19,50,-115.62,-181.31,-87.94
73,-80.31,-327.31,-259.5,71.31,12.44,21.75,104.94,-28.25,160.56,143.19,29.25,50,-115.62,-181.37,-88
74,-80.38,-327.31,-259.56,71.25,12.37,21.75,105,-28.31,160.56,143.19,29.25,50,-115.69,-181.37,-88
75,-80.44,-327.31,-259.56,71.25,12.37,21.75,105,-28.38,160.56,143.19,29.25,50,-115.69,-181.44,-88.06
76,-80.44,-327.31,-259.56,71.25,12.44,21.81,105,-28.44,160.56,143.31,29.31,50,-115.69,-181.5,-88.12
77,-80.38,-327.31,-259.56,71.25,12.5,21.75,104.94,-28.5,160.56,143.31,29.31,50,-115.69,-181.56,-88.19
78,-80.38,-327.31,-259.56,71.25,12.44,21.81,104.94,-28.56,160.56,143.37,29.31,50,-115.75,-181.63,-88.25
79,-80.38,-327.31,-259.56,71.19,12.5,21.81,104.94,-28.62,160.56,143.44,29.31,50,-115.81,-181.69,-88.31
80,-80.44,-327.31,-259.62,71.19,12.5,21.81,104.94,-28.62,160.56,143.5,29.37,50,-115.81,-181.75,-88.37
