Time [s],V3-5,V4-6,V5-7,V6-8,V7-9,V8-10,V9-11,V10-12,V11-13,V12-14,V13-15,V14-16,V15-17,V16-18,V17-18
1,-82.44,-326.5,-226.25,61.13,-21.44,27.13,108.75,-27.25,144.94,144,35.25,22.94,-129.75,-159.25,-72.06
2,-82.44,-326.56,-226.25,61.13,-21.44,27.13,108.81,-27.25,144.94,144,35.25,22.94,-129.81,-159.37,-72.12
3,-82.44,-326.62,-226.25,61.06,-21.44,27.06,108.75,-27.25,145,144.06,35.25,22.94,-129.81,-159.44,-72.25
4,-82.37,-326.62,-226.31,61.13,-21.44,27.13,108.75,-27.25,145,144.06,35.19,22.87,-129.81,-159.5,-72.25
5,-82.44,-326.69,-226.31,61.13,-21.44,27.06,108.81,-27.25,145.06,144.13,35.19,22.87,-129.81,-159.5,-72.37
6,-82.37,-326.75,-226.37,61.06,-21.44,27.06,108.87,-27.25,145.12,144.13,35.25,22.87,-129.87,-159.56,-72.44
7,-82.37,-326.75,-226.37,61.13,-21.44,27.06,108.81,-27.25,145.12,144.19,35.25,22.87,-129.87,-159.63,-72.5
8,-82.44,-326.81,-226.37,61.06,-21.44,27.06,108.87,-27.31,145.19,144.25,35.19,22.87,-129.94,-159.69,-72.56
9,-82.44,-326.88,-226.44,61.06,-21.44,27,108.81,-27.25,145.19,144.25,35.25,22.87,-129.94,-159.75,-72.62
10,-82.37,-326.94,-226.44,61.13,-21.44,27,108.81,-27.31,145.19,144.31,35.25,22.87,-129.94,-159.81,-72.69
11,-82.31,-326.94,-226.5,61.13,-21.44,27,108.87,-27.25,145.25,144.31,35.25,22.81,-129.94,-159.81,-72.75
12,-82.31,-327,-226.5,61.13,-21.44,27,108.87,-27.31,145.25,144.37,35.25,22.81,-129.94,-159.87,-72.81
13,-82.31,-327.06,-226.5,61.13,-21.44,27,108.87,-27.31,145.31,144.37,35.25,22.81,-130,-159.94,-72.87
14,-82.25,-327.06,-226.56,61.13,-21.44,26.94,108.87,-27.31,145.31,144.37,35.25,22.81,-130,-160,-72.94
15,-82.31,-327.06,-226.56,61.13,-21.44,26.94,108.87,-27.31,145.38,144.37,35.25,22.81,-130,-160,-73
16,-82.25,-327,-226.62,61.13,-21.37,26.94,108.87,-27.31,145.38,144.37,35.25,22.81,-130.06,-160.12,-73.06
17,-82.19,-327,-226.62,61.13,-21.44,26.94,108.94,-27.31,145.44,144.37,35.25,22.87,-130.06,-160.12,-73.12
18,-82.19,-327,-226.62,61.13,-21.44,26.94,108.94,-27.31,145.44,144.37,35.25,22.87,-130,-160.19,-73.19
19,-82.12,-326.94,-226.62,61.13,-21.44,26.94,108.94,-27.31,145.44,144.37,35.25,22.87,-130.06,-160.25,-73.25
20,-82,-326.94,-226.62,61.13,-21.37,26.94,108.87,-27.31,145.5,144.37,35.25,22.94,-130.06,-160.25,-73.31
21,-71.75,-313.69,-217.06,65.12,-20.62,23,107.37,-22.44,139.25,129.81,29.44,29.37,-120.06,-154.19,-67.69
22,-73.31,-314.06,-217.13,64.62,-20.81,23.19,107.5,-22.5,139.25,130.25,29.25,29.25,-119.81,-152.38,-65.69
23,-74.56,-314.44,-217.19,64.56,-21.12,23.25,107.75,-22.62,139.25,130.63,29.19,29.25,-119.69,-151.25,-64.37
24,-75.5,-314.81,-217.25,64.44,-21.44,23.31,108,-22.87,139.25,131,29.25,29.31,-119.69,-150.69,-63.63
25,-76.31,-315.19,-217.31,64.31,-21.69,23.5,108.19,-23.12,139.19,131.31,29.31,29.37,-119.75,-150.44,-63.25
26,-76.94,-315.5,-217.44,64.12,-21.81,23.69,108.37,-23.44,139.19,131.63,29.5,29.44,-119.87,-150.44,-63
27,-77.44,-315.69,-217.5,63.94,-22,23.94,108.5,-23.69,139.19,131.94,29.69,29.56,-120.13,-150.56,-62.94
28,-77.81,-315.94,-217.62,63.69,-22.19,24.19,108.63,-24,139.12,132.19,29.87,29.69,-120.31,-150.87,-63.06
29,-78.06,-316.12,-217.69,63.5,-22.31,24.5,108.75,-24.25,139.12,132.44,30.12,29.81,-120.5,-151.25,-63.25
30,-78.37,-316.31,-217.81,63.31,-22.37,24.75,108.87,-24.5,139.12,132.63,30.37,30,-120.75,-151.56,-63.38
31,-78.56,-316.5,-217.81,63.13,-22.44,25,108.87,-24.81,139.12,132.87,30.62,30.12,-121,-151.94,-63.69
32,-78.69,-316.56,-217.81,62.94,-22.56,25.25,109,-25.06,139.06,133,30.88,30.25,-121.25,-152.31,-63.87
33,-78.81,-316.69,-217.87,62.75,-22.62,25.44,109.06,-25.25,139.06,133.19,31.06,30.37,-121.44,-152.62,-64.12
34,-79,-316.75,-217.94,62.62,-22.75,25.69,109.19,-25.5,139.06,133.25,31.31,30.5,-121.62,-153,-64.31
35,-79.06,-316.81,-217.94,62.44,-22.81,25.88,109.25,-25.62,139.06,133.37,31.5,30.62,-121.87,-153.38,-64.62
36,-79.06,-316.88,-218,62.31,-22.81,26.06,109.25,-25.81,139.06,133.5,31.62,30.75,-122.06,-153.75,-64.87
37,-79.12,-316.94,-218,62.25,-22.87,26.25,109.31,-26.06,139.06,133.63,31.81,30.81,-122.25,-154,-65.06
38,-79.06,-316.94,-218,62.06,-22.94,26.44,109.37,-26.25,139.06,133.75,32,30.88,-122.44,-154.38,-65.37
39,-79.12,-316.94,-218.06,62,-23,26.56,109.44,-26.44,139,133.87,32.19,31,-122.56,-154.75,-65.69
40,-79.12,-317,-218.06,61.88,-23,26.75,109.5,-26.56,139.06,134,32.25,31.06,-122.69,-155.12,-65.94
41,-79.19,-317,-218.06,61.75,-23.06,26.87,109.56,-26.75,139,134.06,32.38,31.12,-122.87,-155.37,-66.19
42,-79.19,-317,-218.06,61.69,-23.06,27,109.56,-26.87,139.06,134.19,32.5,31.19,-123,-155.63,-66.44
43,-79.31,-317,-218.06,61.63,-23.12,27.06,109.63,-27,139.06,134.25,32.63,31.25,-123.13,-155.87,-66.62
44,-79.37,-316.94,-218.06,61.56,-23.19,27.19,109.63,-27.19,139.06,134.31,32.69,31.31,-123.25,-156.12,-66.87
45,-79.44,-316.88,-218.06,61.5,-23.19,27.31,109.69,-27.31,139.06,134.44,32.81,31.31,-123.38,-156.37,-67.06
46,-79.56,-316.75,-218,61.44,-23.25,27.37,109.69,-27.44,139.12,134.5,32.88,31.37,-123.44,-156.63,-67.25
47,-79.69,-316.69,-218.06,61.37,-23.25,27.44,109.75,-27.56,139.12,134.56,32.94,31.44,-123.56,-156.87,-67.5
48,-79.81,-316.63,-218,61.37,-23.25,27.44,109.69,-27.62,139.19,134.63,33.06,31.5,-123.69,-157.06,-67.62
49,-79.87,-316.63,-218,61.31,-23.25,27.5,109.75,-27.75,139.19,134.69,33.13,31.5,-123.75,-157.31,-67.81
50,-79.87,-316.56,-218,61.25,-23.25,27.56,109.75,-27.81,139.19,134.75,33.19,31.56,-123.81,-157.44,-68
51,-79.94,-316.56,-217.94,61.25,-23.25,27.56,109.69,-27.87,139.19,134.81,33.25,31.56,-123.94,-157.62,-68.12
52,-79.94,-316.56,-217.94,61.19,-23.25,27.62,109.69,-28,139.12,134.87,33.31,31.56,-124,-157.81,-68.31
53,-79.94,-316.56,-217.87,61.19,-23.25,27.56,109.75,-28,139.12,134.94,33.38,31.56,-124.06,-158,-68.44
54,-80,-316.56,-217.87,61.13,-23.25,27.62,109.81,-28.12,139.06,135,33.44,31.56,-124.12,-158.12,-68.56
55,-80.06,-316.56,-217.87,61.13,-23.25,27.69,109.81,-28.12,139,135,33.5,31.56,-124.19,-158.25,-68.69
56,-80.12,-316.56,-217.87,61.13,-23.19,27.69,109.81,-28.25,139,135.12,33.56,31.56,-124.19,-158.37,-68.87
57,-80.19,-316.56,-217.81,61.13,-23.19,27.75,109.81,-28.25,139,135.19,33.63,31.56,-124.25,-158.5,-69
58,-80.19,-316.56,-217.81,61.06,-23.25,27.69,109.81,-28.38,139,135.25,33.63,31.56,-124.31,-158.63,-69.06
59,-80.31,-316.63,-217.81,61.06,-23.25,27.75,109.81,-28.38,139,135.31,33.63,31.5,-124.31,-158.75,-69.19
60,-80.44,-316.63,-217.81,61.06,-23.25,27.75,109.87,-28.5,139,135.31,33.69,31.5,-124.38,-158.81,-69.31
61,-80.56,-316.63,-217.75,61,-23.25,27.75,109.81,-28.5,139,135.37,33.75,31.5,-124.44,-158.94,-69.37
62,-80.62,-316.69,-217.75,61,-23.25,27.81,109.87,-28.56,139,135.44,33.75,31.44,-124.44,-159,-69.5
63,-80.69,-316.75,-217.75,60.94,-23.25,27.81,109.81,-28.62,139,135.5,33.75,31.44,-124.5,-159.06,-69.56
64,-80.62,-316.69,-217.69,60.94,-23.25,27.81,109.87,-28.69,139,135.56,33.81,31.44,-124.5,-159.12,-69.62
65,-80.62,-316.75,-217.69,60.94,-23.25,27.87,109.81,-28.75,139,135.63,33.81,31.37,-124.5,-159.19,-69.75
66,-80.75,-316.75,-217.69,60.94,-23.25,27.87,109.81,-28.81,139,135.69,33.81,31.37,-124.56,-159.31,-69.81
67,-80.75,-316.81,-217.62,60.88,-23.25,27.94,109.81,-28.87,139,135.69,33.88,31.37,-124.56,-159.37,-69.87
68,-80.81,-316.81,-217.62,60.88,-23.25,27.94,109.81,-28.87,139,135.81,33.88,31.31,-124.56,-159.44,-69.94
69,-80.75,-316.81,-217.62,60.88,-23.25,28,109.81,-28.94,139,135.88,33.88,31.31,-124.62,-159.5,-70
70,-80.75,-316.88,-217.62,60.88,-23.19,28,109.81,-28.94,139,135.88,33.88,31.25,-124.62,-159.56,-70.12
71,-80.75,-316.81,-217.56,60.88,-23.25,28,109.81,-29,138.94,135.94,33.94,31.25,-124.62,-159.63,-70.19
72,-80.75,-316.88,-217.56,60.81,-23.25,28,109.81,-29.06,138.94,135.94,33.88,31.25,-124.62,-159.69,-70.25
73,-80.81,-316.94,-217.5,60.81,-23.25,28,109.81,-29.12,138.94,136,33.94,31.19,-124.62,-159.75,-70.31
74,-80.87,-316.94,-217.5,60.81,-23.25,28,109.87,-29.12,138.94,136.06,33.94,31.19,-124.62,-159.81,-70.37
75,-80.94,-316.94,-217.5,60.81,-23.25,28,109.87,-29.19,138.94,136.12,33.94,31.19,-124.62,-159.87,-70.44
76,-81,-316.94,-217.5,60.81,-23.25,28.06,109.87,-29.25,138.88,136.12,33.94,31.12,-124.62,-159.94,-70.5
77,-80.94,-316.94,-217.5,60.81,-23.31,28.06,109.87,-29.25,138.88,136.19,33.94,31.12,-124.69,-160,-70.56
78,-80.87,-316.94,-217.5,60.75,-23.31,28.06,109.94,-29.31,138.88,136.19,34,31.06,-124.62,-160.06,-70.62
79,-80.94,-316.94,-217.44,60.75,-23.31,28.06,109.94,-29.31,138.81,136.25,34,31.06,-124.62,-160.06,-70.69
80,-80.94,-317,-217.44,60.75,-23.31,28.06,109.94,-29.37,138.81,136.25,33.94,31,-124.62,-160.12,-70.75
