Time [s],V3-5,V4-6,V5-7,V6-8,V7-9,V8-10,V9-11,V10-12,V11-13,V12-14,V13-15,V14-16,V15-17,V16-18,V17-18
1,-80.69,-320.19,-219.44,61.13,-20.81,27,109.06,-26.44,131.44,135.94,37.88,20.81,-128.25,-152.62,-66.44
2,-80.75,-320.25,-219.44,61.13,-20.75,26.94,109.06,-26.44,131.5,136,37.81,20.75,-128.25,-152.69,-66.5
3,-80.75,-320.25,-219.44,61.13,-20.75,27,109.06,-26.44,131.5,136,37.88,20.69,-128.31,-152.69,-66.56
4,-80.75,-320.37,-219.44,61.13,-20.81,26.94,109.06,-26.44,131.56,136.06,37.88,20.69,-128.38,-152.75,-66.62
5,-80.75,-320.37,-219.5,61.13,-20.75,26.87,109.06,-26.44,131.56,136.06,37.88,20.62,-128.38,-152.81,-66.62
6,-80.69,-320.44,-219.44,61.13,-20.75,26.87,109.06,-26.37,131.63,136.12,37.88,20.62,-128.44,-152.81,-66.69
7,-80.75,-320.5,-219.44,61.19,-20.75,26.87,109.06,-26.37,131.63,136.19,37.88,20.56,-128.44,-152.87,-66.69
8,-80.75,-320.56,-219.5,61.19,-20.75,26.87,109.06,-26.37,131.69,136.25,37.88,20.56,-128.44,-152.87,-66.75
9,-80.75,-320.56,-219.5,61.19,-20.75,26.87,109,-26.37,131.69,136.25,37.88,20.5,-128.5,-152.94,-66.81
10,-80.75,-320.63,-219.5,61.19,-20.75,26.81,109,-26.37,131.75,136.31,37.88,20.5,-128.5,-152.94,-66.87
11,-80.81,-320.69,-219.5,61.19,-20.75,26.81,109.06,-26.37,131.75,136.31,37.94,20.5,-128.56,-153,-66.87
12,-80.81,-320.75,-219.5,61.19,-20.75,26.81,109.06,-26.37,131.81,136.37,37.94,20.44,-128.56,-153,-66.94
13,-80.87,-320.81,-219.56,61.19,-20.75,26.75,109.06,-26.31,131.87,136.37,37.94,20.44,-128.56,-153.06,-66.94
14,-80.94,-320.88,-219.56,61.25,-20.75,26.81,109.06,-26.31,131.87,136.37,37.94,20.44,-128.62,-153.06,-67
15,-80.87,-320.88,-219.56,61.19,-20.75,26.75,109.06,-26.31,131.94,136.44,37.94,20.44,-128.62,-153.12,-67.06
16,-80.87,-320.94,-219.56,61.19,-20.75,26.69,109,-26.31,131.94,136.44,37.94,20.44,-128.69,-153.19,-67.06
17,-80.87,-320.94,-219.56,61.19,-20.75,26.69,109.06,-26.31,132,136.5,37.94,20.37,-128.69,-153.19,-67.12
18,-80.94,-320.94,-219.62,61.19,-20.81,26.69,109.06,-26.25,132,136.5,37.94,20.37,-128.75,-153.25,-67.19
19,-81,-320.94,-219.62,61.19,-20.81,26.69,109.06,-26.25,132.06,136.5,37.94,20.37,-128.75,-153.25,-67.19
20,-81.06,-320.94,-219.62,61.19,-20.81,26.69,109.12,-26.25,132.06,136.5,37.94,20.37,-128.75,-153.31,-67.25
21,-72.81,-311.81,-215.06,62.94,-20.88,25.06,108.63,-21.56,129.5,124.94,32.38,24.25,-121.56,-150.87,-67.12
22,-73.5,-312.19,-214.56,63.13,-20.44,24.5,108.69,-20.88,128.75,125.12,31.94,23.19,-121.25,-149.12,-65.75
23,-74.31,-312.56,-214.31,63.13,-20.12,24.06,108.44,-20.62,128.44,125.56,31.69,22.5,-120.87,-147.62,-64.44
24,-75.25,-312.94,-214.25,63.13,-19.87,23.87,108.25,-20.62,128.31,126.12,31.56,21.94,-120.75,-146.81,-63.75
25,-76.06,-313.31,-214.12,63.06,-19.75,23.81,108,-20.62,128.25,126.62,31.56,21.56,-120.69,-146.44,-63.38
26,-76.87,-313.69,-214.12,62.94,-19.62,23.81,107.87,-20.75,128.25,127.06,31.56,21.25,-120.69,-146.31,-63.13
27,-77.44,-314,-214.19,62.88,-19.56,23.75,107.69,-20.81,128.25,127.5,31.69,21.06,-120.81,-146.25,-62.94
28,-77.94,-314.31,-214.19,62.81,-19.62,23.75,107.63,-21,128.31,127.94,31.81,20.88,-120.87,-146.31,-62.94
29,-78.44,-314.56,-214.25,62.75,-19.5,23.75,107.5,-21.06,128.31,128.31,31.94,20.75,-120.94,-146.37,-62.94
30,-78.87,-314.81,-214.31,62.81,-19.5,23.69,107.44,-21.19,128.44,128.62,32.06,20.62,-121,-146.5,-63.06
31,-79.31,-315.06,-214.31,62.69,-19.44,23.75,107.25,-21.31,128.5,128.94,32.25,20.56,-121.06,-146.62,-63.19
32,-79.75,-315.25,-214.38,62.62,-19.25,23.87,107.12,-21.44,128.56,129.25,32.44,20.56,-121.13,-146.81,-63.25
33,-80.06,-315.44,-214.5,62.44,-19.31,24,107.12,-21.56,128.62,129.5,32.63,20.5,-121.31,-146.94,-63.38
34,-80.38,-315.62,-214.63,62.56,-19.31,23.87,107.06,-21.69,128.75,129.75,32.81,20.5,-121.5,-147.13,-63.44
35,-80.69,-315.81,-214.75,62.44,-19.25,23.94,106.94,-21.75,128.81,130,32.94,20.5,-121.69,-147.31,-63.5
36,-80.81,-315.94,-214.81,62.38,-19.19,24.06,106.81,-21.87,128.94,130.25,33.13,20.5,-121.94,-147.44,-63.63
37,-80.94,-316.06,-214.94,62.25,-19.19,24.19,106.75,-22,129.06,130.37,33.31,20.5,-122.19,-147.56,-63.63
38,-81.06,-316.19,-215.06,62.19,-19.25,24.25,106.81,-22.06,129.19,130.63,33.5,20.5,-122.37,-147.81,-63.75
39,-81.19,-316.31,-215.06,62.13,-19.19,24.37,106.75,-22.19,129.31,130.75,33.69,20.5,-122.62,-147.94,-63.81
40,-81.25,-316.38,-215.12,62.06,-19.12,24.44,106.63,-22.31,129.38,130.94,33.88,20.5,-122.87,-148.13,-63.87
41,-81.31,-316.5,-215.19,62,-19.12,24.5,106.63,-22.37,129.44,131.12,34.06,20.56,-123.13,-148.31,-63.94
42,-81.37,-316.56,-215.25,61.94,-19.19,24.56,106.63,-22.5,129.56,131.25,34.19,20.56,-123.31,-148.5,-63.94
43,-81.44,-316.63,-215.31,61.88,-19.12,24.69,106.56,-22.56,129.69,131.37,34.38,20.56,-123.56,-148.62,-64.06
44,-81.5,-316.69,-215.37,61.81,-19.19,24.75,106.56,-22.62,129.75,131.5,34.5,20.62,-123.75,-148.75,-64.06
45,-81.56,-316.75,-215.37,61.75,-19.12,24.81,106.5,-22.69,129.87,131.69,34.69,20.62,-123.94,-148.94,-64.12
46,-81.56,-316.75,-215.44,61.69,-19.19,24.87,106.5,-22.81,129.94,131.75,34.81,20.69,-124.19,-149,-64.19
47,-81.5,-316.81,-215.5,61.63,-19.12,24.94,106.44,-22.87,130,131.87,34.94,20.69,-124.38,-149.19,-64.25
48,-81.44,-316.81,-215.56,61.63,-19.06,25,106.37,-22.94,130.06,131.94,35.06,20.75,-124.5,-149.25,-64.25
49,-81.44,-316.94,-215.56,61.63,-19.06,25,106.37,-23.06,130.12,132.06,35.19,20.81,-124.69,-149.38,-64.31
50,-81.5,-316.94,-215.56,61.56,-19.06,25.06,106.37,-23.12,130.19,132.12,35.25,20.81,-124.81,-149.5,-64.31
51,-81.56,-317,-215.62,61.5,-19.06,25.12,106.31,-23.19,130.25,132.25,35.38,20.81,-124.94,-149.56,-64.37
52,-81.56,-317,-215.62,61.44,-19.12,25.19,106.37,-23.25,130.31,132.31,35.5,20.88,-125.12,-149.62,-64.37
53,-81.56,-317.06,-215.69,61.44,-19.12,25.19,106.37,-23.31,130.37,132.37,35.56,20.94,-125.25,-149.69,-64.37
54,-81.56,-317.06,-215.69,61.44,-19.12,25.25,106.37,-23.38,130.37,132.44,35.63,20.94,-125.38,-149.75,-64.37
55,-81.56,-317.13,-215.69,61.37,-19.06,25.31,106.31,-23.44,130.44,132.56,35.75,20.94,-125.5,-149.87,-64.37
56,-81.56,-317.25,-215.69,61.37,-19.12,25.31,106.31,-23.5,130.5,132.56,35.81,21,-125.62,-149.94,-64.44
57,-81.69,-317.25,-215.75,61.31,-19.12,25.37,106.31,-23.56,130.56,132.69,35.88,20.94,-125.75,-150.06,-64.44
58,-81.75,-317.31,-215.75,61.31,-19.12,25.37,106.25,-23.62,130.63,132.75,35.94,21,-125.81,-150.12,-64.5
59,-81.81,-317.37,-215.75,61.31,-19,25.44,106.19,-23.62,130.69,132.81,36,21,-125.94,-150.19,-64.5
60,-81.81,-317.37,-215.81,61.25,-19.06,25.44,106.25,-23.62,130.69,132.87,36.06,21,-126,-150.25,-64.5
61,-81.87,-317.44,-215.81,61.25,-19.12,25.44,106.31,-23.69,130.75,132.94,36.13,21,-126.12,-150.31,-64.5
62,-81.87,-317.37,-215.81,61.25,-19.06,25.5,106.25,-23.75,130.81,133,36.19,21.06,-126.19,-150.38,-64.5
63,-81.87,-317.37,-215.81,61.19,-19.12,25.5,106.31,-23.75,130.87,133,36.19,21.06,-126.25,-150.44,-64.56
64,-81.87,-317.44,-215.81,61.19,-19.06,25.56,106.19,-23.75,130.87,133.06,36.31,21.06,-126.38,-150.5,-64.56
65,-81.81,-317.44,-215.87,61.19,-19.12,25.56,106.25,-23.81,130.87,133.12,36.31,21.06,-126.44,-150.56,-64.56
66,-81.81,-317.5,-215.87,61.19,-19.12,25.56,106.25,-23.87,130.94,133.12,36.38,21.12,-126.5,-150.62,-64.56
67,-81.81,-317.56,-215.87,61.13,-19.12,25.62,106.25,-23.87,131,133.19,36.44,21.12,-126.56,-150.69,-64.56
68,-81.87,-317.56,-215.87,61.13,-19.06,25.56,106.12,-23.87,131.06,133.25,36.44,21.19,-126.62,-150.75,-64.62
69,-81.81,-317.62,-215.87,61.13,-19.06,25.62,106.19,-23.94,131.06,133.31,36.5,21.19,-126.69,-150.81,-64.62
70,-81.87,-317.62,-215.87,61.13,-19.06,25.62,106.19,-23.94,131.12,133.37,36.5,21.19,-126.75,-150.81,-64.62
71,-81.87,-317.69,-215.94,61.13,-19.06,25.69,106.19,-24,131.12,133.37,36.56,21.12,-126.81,-150.87,-64.62
72,-81.87,-317.69,-215.94,61.13,-19.12,25.69,106.19,-24,131.19,133.37,36.56,21.19,-126.81,-150.94,-64.69
73,-81.87,-317.75,-215.87,61.06,-19.06,25.69,106.12,-24,131.19,133.44,36.63,21.19,-126.87,-151,-64.69
74,-81.87,-317.75,-215.87,61.06,-19.06,25.69,106.12,-24.06,131.19,133.44,36.63,21.19,-126.94,-151,-64.69
75,-81.94,-317.75,-215.94,61.06,-19.12,25.69,106.19,-24.06,131.25,133.5,36.63,21.25,-126.94,-151.06,-64.69
76,-81.87,-317.75,-215.94,61.06,-19.06,25.69,106.12,-24.12,131.25,133.5,36.69,21.25,-127,-151.12,-64.75
77,-81.94,-317.75,-215.94,61.06,-19.06,25.75,106.06,-24.12,131.31,133.56,36.69,21.25,-127.06,-151.12,-64.75
78,-81.94,-317.69,-215.94,61.06,-19,25.75,106.06,-24.12,131.31,133.56,36.69,21.25,-127.06,-151.19,-64.75
79,-81.94,-317.75,-215.94,61.06,-19.06,25.69,106.06,-24.12,131.31,133.56,36.75,21.31,-127.12,-151.25,-64.81
80,-81.94,-317.75,-215.94,61.06,-19.06,25.69,106.06,-24.12,131.37,133.56,36.75,21.31,-127.12,-151.25,-64.81
