Time [s],V3-5,V4-6,V5-7,V6-8,V7-9,V8-10,V9-11,V10-12,V11-13,V12-14,V13-15,V14-16,V15-17,V16-18,V17-18
1,-81.37,-326.37,-227.19,60.63,-22.06,27.81,109.69,-27.37,143.44,143.06,35.88,23.06,-129.63,-159.81,-72.94
2,-81.44,-326.44,-227.19,60.56,-22.06,27.81,109.75,-27.37,143.5,143.13,35.88,23,-129.69,-159.87,-73
3,-81.44,-326.44,-227.19,60.63,-22.06,27.81,109.75,-27.37,143.56,143.19,35.88,22.94,-129.69,-159.94,-73.06
4,-81.5,-326.5,-227.25,60.63,-22.06,27.81,109.75,-27.37,143.56,143.25,35.88,22.94,-129.69,-159.94,-73.06
5,-81.5,-326.5,-227.19,60.56,-22.06,27.75,109.75,-27.37,143.62,143.31,35.88,22.87,-129.75,-160,-73.12
6,-81.5,-326.5,-227.19,60.63,-22.06,27.75,109.75,-27.44,143.69,143.37,35.88,22.87,-129.75,-160,-73.19
7,-81.5,-326.5,-227.25,60.63,-22.06,27.75,109.75,-27.44,143.69,143.44,35.94,22.87,-129.75,-160.06,-73.25
8,-81.44,-326.56,-227.25,60.63,-22.13,27.75,109.75,-27.44,143.69,143.5,35.94,22.81,-129.81,-160.12,-73.25
9,-81.37,-326.56,-227.25,60.63,-22.06,27.69,109.75,-27.5,143.69,143.56,35.94,22.75,-129.81,-160.19,-73.31
10,-81.31,-326.62,-227.25,60.63,-22.06,27.69,109.75,-27.44,143.75,143.62,36,22.75,-129.81,-160.19,-73.37
11,-81.31,-326.62,-227.25,60.63,-22.06,27.69,109.75,-27.5,143.75,143.75,35.94,22.69,-129.81,-160.25,-73.44
12,-81.31,-326.75,-227.25,60.63,-22.06,27.69,109.75,-27.5,143.81,143.75,36,22.69,-129.87,-160.25,-73.44
13,-81.31,-326.75,-227.25,60.63,-22.06,27.62,109.75,-27.5,143.81,143.81,35.94,22.69,-129.87,-160.31,-73.5
14,-81.37,-326.75,-227.25,60.63,-22.06,27.62,109.75,-27.5,143.81,143.81,35.94,22.62,-129.87,-160.31,-73.56
15,-81.44,-326.75,-227.25,60.63,-22.06,27.62,109.75,-27.5,143.87,143.87,36,22.62,-129.94,-160.37,-73.62
16,-81.44,-326.75,-227.31,60.63,-22.06,27.62,109.81,-27.5,143.94,143.94,36,22.62,-129.94,-160.37,-73.62
17,-81.44,-326.75,-227.31,60.63,-22.06,27.62,109.75,-27.5,143.94,144,35.94,22.56,-130,-160.44,-73.69
18,-81.37,-326.75,-227.31,60.63,-22.06,27.56,109.75,-27.5,144,144.06,36,22.56,-130,-160.44,-73.75
19,-81.37,-326.81,-227.31,60.63,-22.06,27.56,109.75,-27.56,144,144.06,36,22.5,-130,-160.5,-73.81
20,-81.44,-326.88,-227.38,60.63,-22.06,27.56,109.75,-27.56,144,144.13,36,22.5,-130,-160.5,-73.81
21,-69.87,-314.38,-220.19,63.87,-21.75,24.56,109.69,-20.81,138.94,128.44,30.94,27.87,-120.5,-155.63,-72.56
22,-71.37,-314.88,-219.37,63.87,-21.31,24.06,109.44,-20.06,138,128.44,30.69,27.13,-120,-153.31,-70.31
23,-72.62,-315.25,-219.06,63.69,-21.06,23.81,109.06,-19.75,137.69,128.69,30.5,26.69,-119.75,-152.25,-69.25
24,-73.62,-315.62,-218.88,63.5,-20.88,23.75,108.69,-19.62,137.62,129,30.37,26.37,-119.62,-151.75,-68.62
25,-74.44,-315.94,-218.75,63.31,-20.88,23.69,108.5,-19.62,137.56,129.31,30.37,26.12,-119.56,-151.44,-68.19
26,-75.12,-316.31,-218.69,63.19,-20.81,23.69,108.31,-19.69,137.56,129.63,30.37,25.94,-119.56,-151.37,-67.94
27,-75.75,-316.56,-218.63,63.06,-20.75,23.75,108.06,-19.75,137.56,130,30.44,25.81,-119.62,-151.37,-67.81
28,-76.25,-316.81,-218.56,62.94,-20.75,23.81,108,-19.94,137.56,130.31,30.56,25.75,-119.75,-151.44,-67.69
29,-76.56,-317.06,-218.56,62.75,-20.75,23.94,108,-20.06,137.5,130.63,30.69,25.69,-120,-151.63,-67.62
30,-76.94,-317.25,-218.5,62.62,-20.75,24.06,108.06,-20.25,137.5,130.87,30.75,25.62,-120.13,-151.75,-67.56
31,-77.31,-317.44,-218.5,62.56,-20.75,24.12,107.94,-20.37,137.5,131.12,30.81,25.62,-120.25,-151.87,-67.62
32,-77.69,-317.5,-218.5,62.38,-20.75,24.31,107.87,-20.56,137.56,131.31,30.94,25.62,-120.37,-152.06,-67.62
33,-78,-317.56,-218.56,62.25,-20.69,24.37,107.81,-20.75,137.62,131.56,31.06,25.56,-120.5,-152.19,-67.69
34,-78.31,-317.62,-218.63,62.19,-20.75,24.5,107.75,-20.81,137.69,131.75,31.19,25.56,-120.69,-152.38,-67.75
35,-78.44,-317.75,-218.63,62.06,-20.62,24.63,107.56,-21,137.75,131.94,31.25,25.62,-120.81,-152.56,-67.87
36,-78.56,-317.81,-218.63,62,-20.69,24.69,107.56,-21.12,137.81,132.19,31.37,25.62,-120.94,-152.75,-67.94
37,-78.69,-317.87,-218.69,61.88,-20.69,24.81,107.5,-21.25,137.88,132.37,31.5,25.62,-121.13,-153,-68.06
38,-78.81,-317.94,-218.69,61.75,-20.62,24.94,107.37,-21.37,137.94,132.5,31.62,25.62,-121.31,-153.19,-68.12
39,-78.87,-318,-218.69,61.69,-20.62,25,107.31,-21.44,137.94,132.69,31.69,25.62,-121.44,-153.38,-68.19
40,-79,-318.06,-218.69,61.63,-20.56,25.12,107.25,-21.62,138,132.81,31.81,25.62,-121.62,-153.56,-68.25
41,-79.06,-318.12,-218.69,61.56,-20.5,25.19,107.19,-21.69,138.06,132.94,31.94,25.62,-121.75,-153.69,-68.37
42,-79.12,-318.12,-218.75,61.44,-20.5,25.31,107.12,-21.87,138.06,133.06,32,25.62,-121.87,-153.87,-68.44
43,-79.19,-318.19,-218.69,61.37,-20.5,25.37,107.06,-21.94,138.12,133.19,32.13,25.62,-122.06,-154,-68.5
44,-79.25,-318.25,-218.69,61.31,-20.44,25.5,107,-22.06,138.19,133.31,32.19,25.62,-122.13,-154.19,-68.62
45,-79.31,-318.31,-218.75,61.25,-20.44,25.56,107,-22.19,138.19,133.44,32.31,25.69,-122.25,-154.38,-68.69
46,-79.37,-318.31,-218.75,61.19,-20.37,25.62,106.94,-22.31,138.25,133.5,32.38,25.69,-122.44,-154.5,-68.81
47,-79.44,-318.37,-218.75,61.06,-20.37,25.75,106.87,-22.37,138.25,133.63,32.44,25.69,-122.5,-154.69,-68.87
48,-79.5,-318.37,-218.75,61.06,-20.31,25.81,106.81,-22.44,138.31,133.75,32.5,25.69,-122.62,-154.81,-69
49,-79.5,-318.37,-218.75,61,-20.37,25.81,106.81,-22.56,138.31,133.81,32.63,25.69,-122.75,-154.94,-69.06
50,-79.5,-318.44,-218.69,60.94,-20.37,25.94,106.81,-22.69,138.37,133.87,32.63,25.69,-122.81,-155,-69.06
51,-79.56,-318.44,-218.69,60.88,-20.37,26,106.81,-22.75,138.37,134,32.69,25.69,-122.87,-155.12,-69.12
52,-79.69,-318.44,-218.69,60.81,-20.44,26.06,106.81,-22.87,138.44,134.06,32.75,25.69,-123,-155.19,-69.19
53,-79.75,-318.44,-218.69,60.81,-20.37,26.06,106.75,-22.94,138.44,134.12,32.81,25.69,-123.06,-155.25,-69.25
54,-79.75,-318.44,-218.69,60.75,-20.37,26.19,106.75,-23.06,138.44,134.25,32.81,25.69,-123.19,-155.37,-69.25
55,-79.81,-318.44,-218.69,60.69,-20.37,26.19,106.69,-23.12,138.44,134.31,32.94,25.69,-123.25,-155.44,-69.31
56,-79.81,-318.44,-218.69,60.69,-20.31,26.25,106.63,-23.25,138.5,134.37,33,25.69,-123.31,-155.5,-69.37
57,-79.81,-318.37,-218.69,60.63,-20.37,26.31,106.69,-23.31,138.5,134.5,33,25.69,-123.31,-155.56,-69.37
58,-79.81,-318.37,-218.69,60.63,-20.31,26.31,106.63,-23.38,138.5,134.56,33,25.69,-123.44,-155.63,-69.37
59,-79.81,-318.37,-218.69,60.56,-20.31,26.31,106.56,-23.44,138.56,134.63,33.13,25.69,-123.44,-155.69,-69.44
60,-79.81,-318.31,-218.63,60.56,-20.31,26.37,106.56,-23.56,138.56,134.69,33.13,25.69,-123.5,-155.75,-69.44
61,-79.81,-318.31,-218.63,60.5,-20.31,26.44,106.56,-23.62,138.56,134.81,33.13,25.69,-123.56,-155.81,-69.44
62,-79.94,-318.31,-218.69,60.5,-20.31,26.44,106.5,-23.75,138.62,134.87,33.13,25.69,-123.62,-155.81,-69.5
63,-80,-318.31,-218.63,60.5,-20.31,26.5,106.5,-23.75,138.62,135,33.19,25.69,-123.62,-155.87,-69.5
64,-80.06,-318.31,-218.63,60.44,-20.31,26.5,106.44,-23.94,138.62,135.06,33.19,25.69,-123.69,-155.94,-69.5
65,-80.06,-318.31,-218.63,60.38,-20.25,26.5,106.44,-24,138.62,135.19,33.25,25.69,-123.75,-156,-69.56
66,-80.12,-318.31,-218.63,60.44,-20.25,26.56,106.44,-24.06,138.69,135.25,33.25,25.62,-123.81,-156.06,-69.56
67,-80.19,-318.31,-218.56,60.38,-20.31,26.56,106.44,-24.12,138.69,135.37,33.25,25.69,-123.81,-156.12,-69.56
68,-80.25,-318.31,-218.56,60.38,-20.31,26.56,106.44,-24.19,138.75,135.37,33.31,25.69,-123.87,-156.12,-69.62
69,-80.25,-318.31,-218.56,60.31,-20.31,26.62,106.44,-24.31,138.75,135.5,33.31,25.62,-123.94,-156.19,-69.62
70,-80.31,-318.31,-218.56,60.31,-20.31,26.62,106.37,-24.31,138.81,135.56,33.31,25.62,-123.94,-156.25,-69.62
71,-80.25,-318.25,-218.56,60.31,-20.25,26.62,106.31,-24.37,138.81,135.63,33.38,25.62,-124,-156.25,-69.69
72,-80.25,-318.31,-218.56,60.31,-20.25,26.69,106.37,-24.5,138.81,135.69,33.38,25.62,-124,-156.31,-69.69
73,-80.25,-318.25,-218.56,60.31,-20.31,26.62,106.37,-24.5,138.81,135.75,33.38,25.62,-124.06,-156.37,-69.69
74,-80.25,-318.25,-218.5,60.25,-20.25,26.69,106.31,-24.56,138.81,135.81,33.38,25.62,-124.06,-156.37,-69.69
75,-80.25,-318.25,-218.5,60.25,-20.25,26.69,106.25,-24.63,138.81,135.81,33.38,25.62,-124.06,-156.44,-69.75
76,-80.25,-318.25,-218.5,60.25,-20.25,26.69,106.31,-24.69,138.88,135.88,33.38,25.62,-124.12,-156.5,-69.75
77,-80.25,-318.25,-218.5,60.25,-20.25,26.69,106.25,-24.75,138.88,135.94,33.38,25.62,-124.12,-156.5,-69.75
78,-80.31,-318.19,-218.5,60.25,-20.25,26.69,106.31,-24.81,138.88,136,33.44,25.62,-124.19,-156.5,-69.75
79,-80.31,-318.19,-218.44,60.19,-20.25,26.75,106.25,-24.81,138.88,136,33.44,25.62,-124.19,-156.56,-69.81
80,-80.31,-318.19,-218.44,60.19,-20.25,26.75,106.25,-24.87,138.88,136.06,33.44,25.62,-124.19,-156.56,-69.81
