Time [s],V3-5,V4-6,V5-7,V6-8,V7-9,V8-10,V9-11,V10-12,V11-13,V12-14,V13-15,V14-16,V15-17,V16-18,V17-18
1,-82.94,-307.25,-278.12,51.37,29.63,12.06,85,-24.25,188,155.19,40.69,79.37,-116.37,-219.62,-106.75
2,-82.88,-307.25,-278.06,51.37,29.63,12.06,85,-24.25,188,155.25,40.69,79.37,-116.37,-219.62,-106.75
3,-82.88,-307.19,-278.06,51.37,29.63,12.06,85,-24.25,187.94,155.19,40.69,79.37,-116.37,-219.69,-106.81
4,-82.81,-307.19,-278.06,51.37,29.56,12.13,85,-24.25,188,155.19,40.69,79.44,-116.31,-219.69,-106.81
5,-82.81,-307.12,-278,51.37,29.56,12.06,85,-24.25,187.94,155.19,40.69,79.44,-116.31,-219.69,-106.87
6,-82.81,-307.12,-278,51.31,29.63,12.13,85,-24.25,188,155.12,40.69,79.5,-116.31,-219.69,-106.87
7,-82.81,-307.12,-278,51.31,29.56,12.06,85,-24.31,188,155.12,40.69,79.5,-116.31,-219.69,-106.94
8,-82.81,-307.12,-278,51.31,29.56,12.13,85.06,-24.31,188,155.12,40.69,79.44,-116.31,-219.69,-106.94
9,-82.88,-307.12,-278,51.31,29.56,12.13,85,-24.31,188,155.12,40.69,79.5,-116.31,-219.75,-107
10,-82.88,-307.12,-278,51.31,29.56,12.13,85,-24.31,188,155.12,40.69,79.5,-116.25,-219.75,-107
11,-82.88,-307.06,-277.94,51.31,29.56,12.06,85,-24.31,188,155.12,40.69,79.5,-116.25,-219.75,-107
12,-82.81,-307.06,-277.94,51.31,29.56,12.13,85,-24.31,188,155.12,40.63,79.5,-116.25,-219.75,-107.06
13,-82.81,-307.06,-277.94,51.31,29.56,12.13,85,-24.31,188,155.12,40.69,79.5,-116.25,-219.75,-107.06
14,-82.81,-307.06,-278,51.31,29.56,12.13,85,-24.31,188,155.12,40.63,79.5,-116.25,-219.81,-107.06
15,-82.81,-307,-277.94,51.31,29.5,12.13,85,-24.31,188,155.06,40.63,79.56,-116.19,-219.81,-107.06
16,-82.81,-307,-277.94,51.25,29.5,12.13,85,-24.31,188,155.06,40.69,79.5,-116.19,-219.81,-107.12
17,-82.81,-307,-277.94,51.25,29.5,12.13,85,-24.31,188,155.06,40.63,79.5,-116.19,-219.81,-107.12
18,-82.81,-307,-277.94,51.25,29.5,12.13,85,-24.31,188,155.06,40.63,79.56,-116.19,-219.87,-107.19
19,-82.81,-307,-277.94,51.25,29.5,12.13,85,-24.31,188,155.06,40.63,79.56,-116.19,-219.87,-107.19
20,-82.81,-307,-277.94,51.25,29.5,12.13,85,-24.31,188,155.06,40.63,79.5,-116.19,-219.87,-107.25
21,-80.44,-303.81,-275.94,52.62,29.06,11.25,84.75,-22.87,186.75,150.62,38.25,79.81,-112.88,-217.31,-106.12
22,-81.06,-304.13,-276,52.56,29.06,11.12,84.81,-22.81,186.75,150.94,38.25,79.81,-112.88,-217.25,-105.87
23,-81.63,-304.44,-276.12,52.56,29,11.12,84.75,-22.75,186.88,151.12,38.31,79.81,-113,-217.31,-105.69
24,-82.06,-304.75,-276.25,52.5,29,11.19,84.81,-22.75,187,151.31,38.38,79.81,-113.19,-217.44,-105.63
25,-82.44,-305.06,-276.37,52.44,29,11.25,84.81,-22.81,187.06,151.5,38.56,79.87,-113.37,-217.56,-105.5
26,-82.62,-305.31,-276.44,52.38,29,11.25,84.81,-22.75,187.06,151.69,38.75,79.94,-113.56,-217.69,-105.5
27,-82.81,-305.5,-276.56,52.38,28.94,11.25,84.81,-22.81,187.19,151.87,38.88,80,-113.75,-217.81,-105.5
28,-83,-305.69,-276.56,52.31,28.94,11.31,84.81,-22.87,187.19,152,39.06,80,-113.94,-217.87,-105.5
29,-83.19,-305.87,-276.69,52.31,28.94,11.31,84.87,-22.94,187.25,152.12,39.19,80.06,-114.12,-217.87,-105.37
30,-83.37,-306.06,-276.75,52.25,28.87,11.31,84.87,-23,187.31,152.31,39.38,80.12,-114.25,-217.87,-105.37
31,-83.5,-306.25,-276.81,52.25,28.87,11.44,84.87,-23.06,187.37,152.44,39.5,80.19,-114.37,-218,-105.44
32,-83.69,-306.38,-276.88,52.19,28.87,11.44,84.87,-23.12,187.44,152.56,39.63,80.25,-114.56,-218.12,-105.44
33,-83.75,-306.5,-276.94,52.13,28.87,11.5,84.94,-23.19,187.44,152.69,39.75,80.25,-114.69,-218.25,-105.5
34,-83.87,-306.63,-277,52.13,28.87,11.56,84.94,-23.31,187.5,152.81,39.88,80.31,-114.81,-218.37,-105.63
35,-83.94,-306.75,-277.06,52.06,28.81,11.56,84.94,-23.31,187.56,152.87,40,80.31,-114.94,-218.5,-105.69
36,-83.94,-306.87,-277.13,52.06,28.81,11.63,84.87,-23.44,187.62,153,40.12,80.38,-115.06,-218.63,-105.75
37,-83.94,-306.94,-277.19,52.06,28.81,11.63,84.94,-23.44,187.62,153.06,40.19,80.38,-115.19,-218.69,-105.81
38,-83.87,-307.06,-277.25,52,28.81,11.69,84.94,-23.5,187.69,153.19,40.31,80.38,-115.31,-218.81,-105.87
39,-83.81,-307.12,-277.25,51.94,28.81,11.75,85,-23.56,187.69,153.25,40.38,80.44,-115.37,-218.94,-106
40,-83.81,-307.25,-277.31,51.94,28.81,11.81,85,-23.62,187.75,153.31,40.44,80.44,-115.5,-219,-106.06
41,-83.87,-307.37,-277.31,51.88,28.75,11.81,85,-23.69,187.81,153.44,40.5,80.44,-115.56,-219.06,-106.06
42,-83.87,-307.44,-277.38,51.81,28.75,11.88,85,-23.69,187.81,153.5,40.56,80.44,-115.62,-219.13,-106.12
43,-83.87,-307.56,-277.38,51.75,28.75,11.94,85,-23.75,187.88,153.56,40.63,80.5,-115.69,-219.25,-106.19
44,-83.87,-307.62,-277.38,51.75,28.75,11.94,85,-23.81,187.88,153.56,40.69,80.44,-115.75,-219.37,-106.25
45,-83.87,-307.69,-277.44,51.69,28.75,12,85,-23.81,187.94,153.69,40.75,80.5,-115.88,-219.44,-106.31
46,-83.87,-307.75,-277.44,51.63,28.75,12.06,85,-23.87,187.94,153.75,40.75,80.5,-115.88,-219.5,-106.37
47,-83.87,-307.81,-277.5,51.63,28.69,12.06,85,-23.94,187.94,153.75,40.81,80.5,-115.94,-219.56,-106.44
48,-83.87,-307.87,-277.5,51.63,28.75,12.06,85.06,-23.94,188,153.87,40.88,80.5,-116,-219.62,-106.44
49,-83.87,-307.94,-277.5,51.63,28.69,12.13,85.06,-24,188.06,153.87,40.88,80.5,-116.06,-219.69,-106.5
50,-83.94,-308,-277.56,51.56,28.69,12.19,85.06,-24,188.06,153.94,40.88,80.5,-116.12,-219.75,-106.63
51,-83.94,-308,-277.56,51.56,28.69,12.19,85.06,-24.06,188.12,154,40.94,80.56,-116.12,-219.81,-106.63
52,-83.87,-308.06,-277.56,51.5,28.62,12.19,85.06,-24.06,188.12,154,40.94,80.56,-116.19,-219.87,-106.69
53,-83.87,-308.06,-277.56,51.5,28.69,12.19,85.06,-24.12,188.12,154.06,40.94,80.56,-116.25,-219.94,-106.69
54,-83.87,-308.13,-277.56,51.5,28.69,12.25,85.06,-24.12,188.12,154.12,41,80.56,-116.25,-220,-106.75
55,-83.81,-308.13,-277.62,51.44,28.69,12.25,85.06,-24.12,188.12,154.12,41,80.62,-116.31,-220.06,-106.81
56,-83.81,-308.19,-277.62,51.44,28.69,12.25,85.12,-24.19,188.19,154.19,41.06,80.62,-116.31,-220.12,-106.87
57,-83.87,-308.19,-277.62,51.44,28.69,12.31,85.12,-24.19,188.19,154.19,41.06,80.62,-116.37,-220.19,-106.87
58,-83.87,-308.19,-277.62,51.44,28.62,12.31,85.12,-24.19,188.19,154.19,41.06,80.62,-116.37,-220.25,-106.94
59,-83.94,-308.19,-277.62,51.37,28.62,12.31,85.12,-24.25,188.25,154.25,41.06,80.62,-116.44,-220.31,-107
60,-83.87,-308.19,-277.69,51.37,28.62,12.31,85.12,-24.25,188.25,154.25,41.13,80.62,-116.44,-220.37,-107.06
61,-83.87,-308.19,-277.69,51.37,28.62,12.31,85.12,-24.25,188.25,154.31,41.13,80.69,-116.5,-220.37,-107.06
62,-83.81,-308.19,-277.69,51.37,28.69,12.31,85.12,-24.31,188.25,154.31,41.13,80.69,-116.5,-220.44,-107.12
63,-83.81,-308.13,-277.69,51.37,28.62,12.37,85.12,-24.31,188.25,154.31,41.13,80.69,-116.5,-220.5,-107.12
64,-83.81,-308.13,-277.69,51.31,28.62,12.31,85.12,-24.37,188.25,154.31,41.13,80.69,-116.5,-220.5,-107.19
65,-83.75,-308.13,-277.69,51.31,28.62,12.37,85.12,-24.31,188.25,154.38,41.13,80.69,-116.56,-220.56,-107.19
66,-83.69,-308.13,-277.62,51.31,28.62,12.37,85.12,-24.37,188.25,154.38,41.13,80.69,-116.56,-220.63,-107.25
67,-83.69,-308.06,-277.69,51.31,28.62,12.37,85.12,-24.37,188.31,154.38,41.19,80.69,-116.56,-220.63,-107.25
68,-83.62,-308.06,-277.69,51.31,28.62,12.37,85.12,-24.37,188.31,154.38,41.19,80.75,-116.56,-220.63,-107.31
69,-83.62,-308,-277.69,51.25,28.62,12.37,85.12,-24.37,188.25,154.44,41.19,80.69,-116.56,-220.69,-107.31
70,-83.56,-308,-277.62,51.25,28.62,12.44,85.12,-24.44,188.25,154.38,41.19,80.75,-116.62,-220.69,-107.37
71,-83.62,-308,-277.62,51.25,28.62,12.44,85.12,-24.37,188.25,154.44,41.19,80.75,-116.62,-220.75,-107.37
72,-83.62,-308,-277.69,51.25,28.62,12.44,85.12,-24.44,188.25,154.44,41.19,80.75,-116.62,-220.75,-107.37
73,-83.56,-308,-277.62,51.25,28.56,12.44,85.12,-24.44,188.25,154.44,41.25,80.75,-116.62,-220.75,-107.44
74,-83.62,-308,-277.62,51.25,28.62,12.56,85.12,-24.56,188.31,154.5,41.19,80.75,-116.62,-220.81,-107.44
75,-83.62,-308.06,-277.69,51.19,28.62,12.5,85.12,-24.5,188.31,154.5,41.19,80.69,-116.62,-220.81,-107.5
76,-83.69,-308.06,-277.62,51.19,28.62,12.5,85.12,-24.5,188.25,154.5,41.19,80.69,-116.62,-220.81,-107.5
77,-83.69,-308.06,-277.62,51.19,28.62,12.5,85.12,-24.5,188.31,154.56,41.25,80.69,-116.62,-220.88,-107.5
78,-83.62,-308.06,-277.62,51.19,28.56,12.44,85.12,-24.5,188.31,154.63,41.19,80.69,-116.69,-220.88,-107.56
79,-83.62,-308.06,-277.62,51.19,28.56,12.44,85.19,-24.5,188.31,154.63,41.25,80.69,-116.69,-220.94,-107.56
80,-83.62,-308.13,-277.62,51.19,28.56,12.44,85.12,-24.5,188.31,154.63,41.25,80.69,-116.62,-220.94,-107.56
