Time [s],V3-5,V4-6,V5-7,V6-8,V7-9,V8-10,V9-11,V10-12,V11-13,V12-14,V13-15,V14-16,V15-17,V16-18,V17-18
1,-79.56,-326.62,-289.94,70.62,39.25,14.06,101,-23.87,172.56,151.69,33.25,68.25,-113.56,-207.37,-102.75
2,-79.62,-326.62,-289.94,70.56,39.25,14.06,101,-23.87,172.56,151.69,33.25,68.25,-113.56,-207.37,-102.81
3,-79.62,-326.62,-289.94,70.56,39.19,14.06,101,-23.94,172.56,151.69,33.25,68.25,-113.56,-207.44,-102.87
4,-79.62,-326.62,-289.94,70.56,39.19,14.13,101,-23.94,172.56,151.75,33.25,68.25,-113.56,-207.44,-102.87
5,-79.69,-326.62,-289.94,70.56,39.19,14.13,101,-23.94,172.62,151.75,33.19,68.25,-113.56,-207.44,-102.94
6,-79.62,-326.62,-289.94,70.56,39.19,14.13,101.06,-23.94,172.62,151.75,33.19,68.19,-113.56,-207.44,-103
7,-79.62,-326.62,-289.94,70.5,39.25,14.13,101,-23.94,172.56,151.81,33.19,68.19,-113.56,-207.5,-103
8,-79.69,-326.62,-289.94,70.5,39.19,14.13,101,-24,172.62,151.81,33.19,68.19,-113.56,-207.5,-103
9,-79.62,-326.62,-289.94,70.5,39.19,14.13,101,-24,172.62,151.81,33.19,68.19,-113.56,-207.56,-103
10,-79.62,-326.56,-289.94,70.5,39.19,14.13,101,-24,172.62,151.81,33.19,68.19,-113.5,-207.56,-103.06
11,-79.62,-326.56,-289.94,70.5,39.19,14.19,101,-24,172.62,151.81,33.19,68.19,-113.56,-207.56,-103.06
12,-79.56,-326.56,-289.94,70.5,39.19,14.13,101.06,-24,172.62,151.81,33.19,68.19,-113.56,-207.62,-103.12
13,-79.56,-326.56,-289.94,70.44,39.19,14.19,101.06,-24,172.62,151.81,33.19,68.19,-113.56,-207.62,-103.12
14,-79.56,-326.5,-289.94,70.44,39.19,14.19,101.06,-24,172.56,151.81,33.19,68.19,-113.5,-207.62,-103.19
15,-79.56,-326.5,-289.94,70.44,39.19,14.19,101,-24,172.62,151.81,33.19,68.19,-113.5,-207.62,-103.19
16,-79.56,-326.5,-289.94,70.44,39.19,14.13,101.06,-24,172.62,151.81,33.19,68.19,-113.5,-207.69,-103.19
17,-79.56,-326.5,-289.94,70.44,39.19,14.13,101,-24.06,172.56,151.75,33.19,68.19,-113.5,-207.69,-103.25
18,-79.56,-326.44,-289.94,70.44,39.19,14.13,101,-24,172.56,151.75,33.19,68.25,-113.5,-207.69,-103.25
19,-79.56,-326.44,-289.94,70.44,39.19,14.19,101.06,-24,172.56,151.75,33.19,68.25,-113.5,-207.69,-103.31
20,-79.56,-326.44,-289.94,70.37,39.19,14.19,101.06,-24,172.62,151.75,33.19,68.25,-113.5,-207.75,-103.31
21,-76.06,-322.06,-286.81,72.81,39.06,12.31,100.81,-22.06,170.81,146.13,30.12,68.75,-109.25,-203.62,-101.19
22,-77,-322.5,-286.87,72.56,39.06,12.37,100.75,-22,170.94,146.56,30.06,68.62,-109.25,-202.87,-100.25
23,-77.75,-322.94,-287.06,72.37,39.06,12.44,100.75,-22.13,171.06,147,30.12,68.56,-109.37,-202.62,-99.75
24,-78.37,-323.31,-287.19,72.31,39.06,12.37,100.69,-22.06,171.19,147.44,30.25,68.5,-109.5,-202.5,-99.37
25,-78.87,-323.69,-287.38,72.12,39.06,12.31,100.69,-22.06,171.25,147.87,30.37,68.5,-109.75,-202.25,-98.87
26,-79.37,-324.06,-287.56,72.12,39.06,12.31,100.69,-22.13,171.37,148.13,30.56,68.5,-110,-202.25,-98.75
27,-79.75,-324.37,-287.69,72,39,12.37,100.69,-22.19,171.5,148.5,30.75,68.56,-110.25,-202.5,-98.75
28,-80.06,-324.62,-287.88,71.87,39.06,12.44,100.75,-22.25,171.56,148.75,31,68.56,-110.5,-202.75,-98.87
29,-80.38,-324.94,-288,71.75,39,12.56,100.75,-22.31,171.69,149,31.19,68.56,-110.69,-203.12,-99.13
30,-80.62,-325.13,-288.12,71.69,39,12.63,100.75,-22.37,171.69,149.12,31.37,68.62,-110.94,-203.44,-99.31
31,-80.87,-325.38,-288.25,71.56,39,12.75,100.75,-22.44,171.81,149.38,31.62,68.69,-111.12,-203.75,-99.5
32,-81.06,-325.56,-288.37,71.5,38.94,12.81,100.75,-22.5,171.81,149.5,31.75,68.69,-111.31,-204.06,-99.69
33,-81.19,-325.75,-288.5,71.44,39,12.88,100.75,-22.56,171.94,149.69,31.94,68.75,-111.5,-204.31,-99.87
34,-81.31,-325.87,-288.69,71.37,38.94,12.94,100.75,-22.62,172,149.81,32.06,68.75,-111.69,-204.56,-100.06
35,-81.37,-326,-288.81,71.31,39,13,100.81,-22.75,172.06,149.94,32.25,68.81,-111.88,-204.69,-100.25
36,-81.31,-326.12,-288.94,71.31,38.94,13.06,100.81,-22.81,172.06,150,32.38,68.81,-112,-204.94,-100.38
37,-81.31,-326.25,-289,71.25,38.94,13.13,100.81,-22.81,172.13,150.12,32.5,68.87,-112.12,-205.12,-100.56
38,-81.25,-326.37,-289.12,71.19,39,13.13,100.81,-22.94,172.19,150.25,32.63,68.87,-112.31,-205.31,-100.62
39,-81.19,-326.44,-289.19,71.19,38.94,13.19,100.81,-23,172.19,150.31,32.69,68.94,-112.37,-205.44,-100.75
40,-81.12,-326.56,-289.31,71.12,38.94,13.25,100.87,-23.06,172.25,150.38,32.81,68.94,-112.5,-205.62,-100.87
41,-81.06,-326.62,-289.38,71.06,38.94,13.31,100.87,-23.06,172.25,150.44,32.88,69,-112.62,-205.75,-101
42,-81.06,-326.75,-289.5,71.06,39,13.38,100.87,-23.12,172.31,150.56,32.94,69,-112.69,-205.87,-101.06
43,-81,-326.81,-289.56,71.06,38.94,13.38,100.87,-23.19,172.37,150.62,33,69,-112.81,-206,-101.19
44,-80.94,-326.94,-289.63,71,38.94,13.44,100.87,-23.25,172.44,150.69,33.06,69,-112.88,-206.13,-101.31
45,-80.94,-327,-289.69,71,38.94,13.44,100.87,-23.31,172.5,150.75,33.13,69,-112.94,-206.25,-101.38
46,-80.94,-327.06,-289.75,70.94,38.94,13.44,100.87,-23.38,172.5,150.87,33.19,69,-113,-206.31,-101.44
47,-80.87,-327.13,-289.81,70.94,38.94,13.5,100.87,-23.38,172.56,150.94,33.25,69,-113.12,-206.31,-101.44
48,-80.81,-327.19,-289.81,70.94,38.94,13.56,100.94,-23.44,172.56,151,33.25,69,-113.19,-206.44,-101.56
49,-80.81,-327.19,-289.87,70.87,38.94,13.56,100.94,-23.5,172.56,151.06,33.31,69,-113.25,-206.56,-101.62
50,-80.75,-327.25,-289.87,70.87,38.94,13.56,100.87,-23.5,172.62,151.06,33.31,69,-113.31,-206.69,-101.75
51,-80.75,-327.25,-289.87,70.87,38.94,13.62,100.94,-23.5,172.62,151.12,33.38,69,-113.37,-206.75,-101.81
52,-80.69,-327.25,-289.94,70.81,38.88,13.62,100.94,-23.56,172.69,151.19,33.38,69,-113.37,-206.81,-101.87
53,-80.69,-327.25,-290,70.81,38.88,13.62,100.94,-23.56,172.75,151.19,33.44,69.06,-113.44,-206.94,-101.94
54,-80.62,-327.25,-290,70.75,38.88,13.62,100.94,-23.56,172.75,151.25,33.44,69,-113.5,-207,-102.06
55,-80.62,-327.25,-290,70.75,38.88,13.62,100.94,-23.62,172.81,151.31,33.44,69.06,-113.5,-207.12,-102.06
56,-80.62,-327.25,-290,70.75,38.94,13.69,100.94,-23.62,172.81,151.31,33.5,69.06,-113.56,-207.19,-102.12
57,-80.62,-327.19,-290.06,70.69,38.88,13.69,100.94,-23.69,172.87,151.31,33.5,69.06,-113.56,-207.25,-102.25
58,-80.56,-327.19,-290.06,70.69,38.88,13.69,100.94,-23.69,172.87,151.37,33.5,69.06,-113.62,-207.25,-102.25
59,-80.56,-327.19,-290.06,70.69,38.88,13.75,100.94,-23.75,172.87,151.31,33.5,69.06,-113.69,-207.31,-102.31
60,-80.5,-327.19,-290.06,70.69,38.88,13.75,101,-23.69,172.87,151.37,33.56,69.06,-113.69,-207.37,-102.31
61,-80.44,-327.19,-290.06,70.62,38.88,13.75,100.94,-23.75,172.87,151.37,33.56,69.06,-113.69,-207.44,-102.38
62,-80.44,-327.25,-290.06,70.62,38.88,13.75,101,-23.75,172.87,151.44,33.56,69.06,-113.69,-207.44,-102.44
63,-80.5,-327.25,-290.12,70.56,38.88,13.81,101,-23.81,172.94,151.44,33.63,69.06,-113.75,-207.5,-102.44
64,-80.5,-327.25,-290.12,70.56,38.88,13.81,101,-23.81,172.94,151.44,33.63,69.06,-113.75,-207.5,-102.5
65,-80.44,-327.25,-290.12,70.56,38.88,13.81,101,-23.81,172.94,151.5,33.63,69.12,-113.75,-207.56,-102.56
66,-80.44,-327.25,-290.12,70.56,38.81,13.81,101,-23.81,172.94,151.5,33.63,69.06,-113.81,-207.56,-102.56
67,-80.44,-327.25,-290.12,70.56,38.88,13.81,101,-23.81,172.87,151.56,33.63,69.06,-113.81,-207.62,-102.62
68,-80.38,-327.25,-290.12,70.5,38.88,13.81,101,-23.87,172.94,151.56,33.63,69.06,-113.81,-207.62,-102.62
69,-80.44,-327.25,-290.12,70.5,38.81,13.88,101.06,-23.87,172.94,151.56,33.63,69.06,-113.81,-207.69,-102.69
70,-80.44,-327.25,-290.12,70.5,38.81,13.88,101.06,-23.87,172.94,151.63,33.63,69.06,-113.81,-207.69,-102.69
71,-80.38,-327.25,-290.12,70.44,38.81,13.88,101.06,-23.87,172.94,151.63,33.63,69.06,-113.81,-207.75,-102.75
72,-80.38,-327.19,-290.12,70.5,38.81,13.88,101.06,-23.94,172.87,151.63,33.69,69.06,-113.88,-207.75,-102.75
73,-80.38,-327.19,-290.12,70.44,38.81,13.88,101.06,-23.94,172.87,151.69,33.69,69,-113.88,-207.81,-102.81
74,-80.31,-327.19,-290.12,70.44,38.88,13.94,101,-23.94,172.87,151.69,33.69,69.06,-113.88,-207.81,-102.81
75,-80.25,-327.13,-290.12,70.44,38.81,13.94,101.06,-23.94,172.87,151.69,33.69,69,-113.81,-207.81,-102.81
76,-80.31,-327.13,-290.12,70.44,38.81,13.94,101.06,-23.94,172.87,151.75,33.69,69,-113.81,-207.81,-102.87
77,-80.25,-327.13,-290.12,70.37,38.81,13.94,101.06,-24,172.87,151.75,33.69,69,-113.81,-207.87,-102.87
78,-80.25,-327.06,-290.12,70.37,38.81,13.94,101.06,-24,172.87,151.75,33.69,69,-113.88,-207.87,-102.94
79,-80.25,-327.06,-290.12,70.37,38.88,13.94,101.06,-24,172.87,151.75,33.75,69,-113.88,-207.94,-102.87
80,-80.25,-327.06,-290.12,70.37,38.81,14,101.06,-24,172.87,151.75,33.69,69,-113.88,-207.94,-102.94
