Time [s],V3-5,V4-6,V5-7,V6-8,V7-9,V8-10,V9-11,V10-12,V11-13,V12-14,V13-15,V14-16,V15-17,V16-18,V17-18
1,-79.31,-330.62,-253.19,70.31,5.06,23.12,102.69,-29.06,163.5,147.06,28.56,42.5,-116.69,-175.31,-87.81
2,-79.31,-330.62,-253.25,70.31,5.06,23.12,102.75,-29,163.5,147.13,28.56,42.44,-116.69,-175.38,-87.81
3,-79.31,-330.69,-253.25,70.31,5,23.12,102.81,-29,163.5,147.13,28.56,42.44,-116.69,-175.38,-87.88
4,-79.37,-330.69,-253.31,70.31,5,23.06,102.81,-29.06,163.5,147.13,28.56,42.44,-116.69,-175.44,-87.94
5,-79.37,-330.75,-253.31,70.31,5,23.06,102.81,-29,163.5,147.19,28.56,42.44,-116.75,-175.5,-87.94
6,-79.31,-330.75,-253.37,70.31,5,23.06,102.87,-29.06,163.5,147.19,28.56,42.38,-116.69,-175.5,-88.06
7,-79.31,-330.75,-253.37,70.31,5.06,23.06,102.87,-29,163.5,147.19,28.56,42.44,-116.69,-175.56,-88.06
8,-79.25,-330.69,-253.37,70.31,5.12,23.06,102.75,-29,163.44,147.19,28.56,42.44,-116.69,-175.56,-88.12
9,-79.25,-330.69,-253.37,70.31,5.06,23.06,102.81,-29,163.44,147.19,28.62,42.38,-116.69,-175.62,-88.19
10,-79.19,-330.62,-253.44,70.31,5.12,23,102.87,-29,163.44,147.19,28.62,42.44,-116.69,-175.62,-88.25
11,-79.19,-330.62,-253.44,70.31,5.12,23,102.87,-29,163.44,147.13,28.62,42.5,-116.69,-175.69,-88.31
12,-79.19,-330.56,-253.5,70.31,5.31,23,102.69,-29,163.37,147.13,28.62,42.44,-116.69,-175.75,-88.37
13,-79.12,-330.56,-253.5,70.31,5.31,23,102.75,-29,163.37,147.13,28.62,42.5,-116.69,-175.75,-88.37
14,-79.06,-330.56,-253.5,70.31,5.12,23,102.94,-29,163.37,147.13,28.62,42.5,-116.62,-175.81,-88.44
15,-79.06,-330.56,-253.56,70.31,5.12,23,102.94,-29,163.37,147.13,28.62,42.5,-116.62,-175.81,-88.44
16,-79.06,-330.62,-253.56,70.31,5.19,23,102.94,-29,163.37,147.13,28.62,42.44,-116.62,-175.87,-88.5
17,-79.06,-330.62,-253.56,70.31,5.25,22.94,102.87,-29,163.37,147.13,28.62,42.44,-116.62,-175.87,-88.56
18,-79.12,-330.62,-253.62,70.31,5.25,22.94,102.94,-29,163.31,147.13,28.62,42.44,-116.62,-175.94,-88.62
19,-79.12,-330.62,-253.62,70.31,5.25,22.94,102.94,-29,163.37,147.13,28.62,42.44,-116.62,-175.94,-88.69
20,-79.19,-330.69,-253.62,70.31,5.25,22.94,103,-29,163.31,147.19,28.62,42.44,-116.62,-176,-88.69
21,-71.87,-324.19,-249.56,75.12,5.37,18.5,104,-20.31,158.81,133.37,23.5,43.19,-109.81,-170.06,-86.31
22,-72.87,-324.5,-249.31,75.06,6.06,18.06,103.31,-20,158.56,133.94,23.38,42.69,-109.69,-169.44,-85.5
23,-73.94,-324.88,-249.19,74.87,6.69,17.75,102.62,-19.75,158.5,134.56,23.38,42.38,-109.63,-169.06,-84.87
24,-74.81,-325.19,-249.25,74.69,7.12,17.56,102.06,-19.62,158.5,135.06,23.44,42.13,-109.75,-168.81,-84.37
25,-75.69,-325.5,-249.19,74.44,7.31,17.44,101.69,-19.56,158.56,135.56,23.56,42,-109.94,-168.75,-83.94
26,-76.37,-325.81,-249.12,74.19,7.5,17.5,101.31,-19.5,158.63,136.06,23.75,41.81,-110.31,-168.69,-83.5
27,-77,-326,-249.12,73.94,7.87,17.56,100.94,-19.56,158.75,136.44,23.87,41.75,-110.69,-168.69,-83.19
28,-77.44,-326.25,-249.19,73.69,8,17.62,100.69,-19.62,158.87,136.88,24.06,41.69,-110.81,-168.81,-83.06
29,-77.94,-326.44,-249.19,73.5,8,17.69,100.56,-19.75,158.94,137.25,24.25,41.63,-110.81,-169,-83.25
30,-78.37,-326.56,-249.31,73.31,8,17.75,100.56,-19.81,158.94,137.62,24.5,41.63,-110.81,-169.13,-83.44
31,-78.69,-326.62,-249.37,73.12,8.13,17.81,100.31,-19.94,158.94,137.94,24.75,41.56,-110.88,-169.25,-83.56
32,-79,-326.75,-249.56,72.94,8.19,17.94,100.19,-20.06,159.06,138.25,24.94,41.56,-111,-169.37,-83.62
33,-79.25,-326.88,-249.75,72.75,8.31,18.06,100,-20.19,159.19,138.62,25.12,41.56,-111.12,-169.56,-83.75
34,-79.31,-326.94,-249.94,72.56,8.44,18.19,99.87,-20.31,159.25,138.94,25.31,41.63,-111.19,-169.69,-83.87
35,-79.37,-327.06,-250.13,72.37,8.56,18.25,99.62,-20.44,159.37,139.19,25.5,41.56,-111.37,-169.87,-83.94
36,-79.37,-327.13,-250.31,72.25,8.63,18.37,99.5,-20.56,159.44,139.44,25.69,41.56,-111.56,-170,-83.94
37,-79.44,-327.25,-250.5,72.06,8.75,18.44,99.37,-20.69,159.63,139.69,25.81,41.56,-111.81,-170.19,-83.94
38,-79.5,-327.31,-250.62,72,8.81,18.5,99.25,-20.81,159.69,139.94,25.94,41.56,-112,-170.31,-84.06
39,-79.5,-327.38,-250.75,71.81,8.94,18.62,99.06,-20.94,159.81,140.12,26.06,41.56,-112.19,-170.44,-84.06
40,-79.44,-327.44,-250.87,71.69,9.06,18.69,98.87,-21.06,159.87,140.31,26.25,41.56,-112.37,-170.56,-84.13
41,-79.31,-327.44,-250.94,71.62,9.19,18.75,98.75,-21.19,160,140.5,26.31,41.56,-112.5,-170.69,-84.19
42,-79.25,-327.5,-251.06,71.5,9.13,18.81,98.81,-21.31,160.06,140.69,26.44,41.56,-112.69,-170.81,-84.19
43,-79.19,-327.56,-251.19,71.37,9.13,18.94,98.75,-21.44,160.12,140.88,26.56,41.56,-112.81,-170.94,-84.25
44,-79.12,-327.62,-251.25,71.31,9.19,19,98.62,-21.5,160.19,141.06,26.62,41.56,-113,-171,-84.25
45,-79.19,-327.69,-251.31,71.19,9.25,19.06,98.56,-21.62,160.25,141.19,26.69,41.56,-113.06,-171.06,-84.31
46,-79.12,-327.75,-251.37,71.12,9.25,19.12,98.5,-21.69,160.37,141.31,26.81,41.56,-113.25,-171.19,-84.37
47,-79.06,-327.75,-251.44,71,9.31,19.19,98.44,-21.87,160.44,141.44,26.87,41.5,-113.31,-171.31,-84.37
48,-79,-327.75,-251.5,70.94,9.31,19.25,98.37,-21.94,160.5,141.62,26.94,41.5,-113.44,-171.37,-84.37
49,-78.87,-327.87,-251.5,70.87,9.38,19.31,98.31,-22.06,160.5,141.75,27,41.5,-113.56,-171.44,-84.44
50,-78.87,-327.87,-251.62,70.81,9.31,19.37,98.37,-22.13,160.56,141.88,27.13,41.5,-113.62,-171.5,-84.44
51,-78.75,-327.94,-251.62,70.75,9.31,19.44,98.31,-22.25,160.63,142,27.19,41.5,-113.75,-171.62,-84.5
52,-78.69,-327.94,-251.62,70.62,9.38,19.5,98.25,-22.31,160.63,142.06,27.25,41.44,-113.81,-171.62,-84.5
53,-78.69,-328,-251.62,70.62,9.44,19.56,98.19,-22.37,160.69,142.19,27.31,41.44,-113.88,-171.69,-84.56
54,-78.62,-328,-251.69,70.56,9.5,19.62,98.06,-22.5,160.75,142.31,27.37,41.44,-113.94,-171.75,-84.56
55,-78.56,-328,-251.69,70.5,9.5,19.69,98.06,-22.56,160.75,142.37,27.44,41.44,-114,-171.81,-84.62
56,-78.5,-328,-251.69,70.44,9.5,19.75,98,-22.62,160.75,142.5,27.44,41.44,-114.06,-171.87,-84.62
57,-78.5,-327.94,-251.69,70.37,9.5,19.75,98,-22.69,160.81,142.62,27.5,41.44,-114.12,-171.94,-84.62
58,-78.5,-327.94,-251.75,70.31,9.5,19.81,98,-22.75,160.81,142.62,27.56,41.44,-114.19,-171.94,-84.69
59,-78.5,-327.94,-251.75,70.25,9.5,19.87,98,-22.87,160.88,142.69,27.56,41.44,-114.25,-172,-84.69
60,-78.5,-327.87,-251.81,70.25,9.5,19.94,97.94,-22.94,160.88,142.75,27.62,41.44,-114.25,-172,-84.75
61,-78.5,-327.87,-251.81,70.19,9.63,20,97.81,-23,160.94,142.81,27.62,41.44,-114.31,-172.06,-84.75
62,-78.44,-327.81,-251.81,70.12,9.75,20,97.69,-23.06,160.94,142.87,27.69,41.44,-114.37,-172.06,-84.81
63,-78.44,-327.81,-251.88,70.06,9.81,20,97.62,-23.12,160.94,142.94,27.75,41.5,-114.37,-172.13,-84.81
64,-78.37,-327.75,-251.88,70.06,9.81,20.06,97.56,-23.19,161,143,27.75,41.5,-114.44,-172.13,-84.81
65,-78.31,-327.75,-251.94,70,9.81,20.06,97.62,-23.25,161,143,27.75,41.5,-114.5,-172.19,-84.81
66,-78.31,-327.69,-251.94,69.94,9.75,20.12,97.62,-23.31,161,143.06,27.81,41.5,-114.5,-172.19,-84.81
67,-78.25,-327.69,-251.94,69.94,9.75,20.12,97.62,-23.31,161,143.13,27.87,41.5,-114.5,-172.25,-84.87
68,-78.19,-327.62,-251.94,69.94,9.75,20.19,97.62,-23.38,161.06,143.13,27.87,41.5,-114.56,-172.25,-84.87
69,-78.19,-327.62,-252,69.87,9.75,20.19,97.56,-23.44,161.06,143.13,27.94,41.5,-114.56,-172.31,-84.87
70,-78.19,-327.56,-252,69.87,9.75,20.19,97.62,-23.5,161.12,143.19,27.87,41.5,-114.56,-172.31,-84.94
71,-78.12,-327.56,-252,69.87,9.69,20.25,97.69,-23.5,161.12,143.19,27.94,41.5,-114.62,-172.37,-84.94
72,-78.12,-327.56,-252,69.81,9.75,20.31,97.56,-23.56,161.12,143.25,27.94,41.5,-114.56,-172.37,-84.94
73,-78.06,-327.56,-252,69.81,9.75,20.31,97.56,-23.56,161.12,143.31,27.94,41.5,-114.62,-172.37,-84.94
74,-78.06,-327.5,-252.06,69.75,9.88,20.31,97.5,-23.62,161.12,143.37,27.94,41.5,-114.62,-172.37,-85
75,-78.06,-327.56,-252.06,69.75,9.81,20.37,97.5,-23.69,161.12,143.37,28,41.5,-114.62,-172.44,-85.06
76,-78.12,-327.5,-252,69.75,9.88,20.37,97.44,-23.75,161.19,143.44,28,41.44,-114.62,-172.44,-85.06
77,-78.12,-327.56,-252.06,69.75,9.81,20.37,97.5,-23.75,161.19,143.44,28,41.44,-114.62,-172.5,-85.12
78,-78.06,-327.5,-252,69.69,9.81,20.44,97.5,-23.81,161.19,143.5,28,41.44,-114.69,-172.5,-85.12
79,-78.06,-327.5,-252,69.69,9.81,20.44,97.5,-23.81,161.25,143.5,28,41.44,-114.69,-172.56,-85.12
80,-78,-327.44,-252,69.69,9.88,20.44,97.44,-23.87,161.25,143.56,28,41.44,-114.69,-172.56,-85.19
