Time [s],V3-5,V4-6,V5-7,V6-8,V7-9,V8-10,V9-11,V10-12,V11-13,V12-14,V13-15,V14-16,V15-17,V16-18,V17-18
1,-84.19,-330.25,-227.56,60.5,-22.44,28.12,109.19,-26.37,144.13,144,39.75,20.19,-134.69,-157.12,-69.94
2,-84.25,-330.25,-227.62,60.5,-22.44,28.12,109.19,-26.37,144.13,144.06,39.75,20.12,-134.75,-157.12,-70
3,-84.19,-330.31,-227.62,60.5,-22.44,28.06,109.25,-26.44,144.19,144.13,39.81,20.12,-134.75,-157.19,-70.06
4,-84.19,-330.37,-227.69,60.5,-22.5,28.12,109.25,-26.44,144.19,144.13,39.75,20.06,-134.81,-157.19,-70.12
5,-84.19,-330.37,-227.75,60.5,-22.5,28.06,109.31,-26.37,144.25,144.19,39.81,20.06,-134.87,-157.25,-70.12
6,-84.13,-330.37,-227.75,60.5,-22.44,28.06,109.25,-26.37,144.25,144.19,39.81,20.06,-134.87,-157.31,-70.25
7,-84.13,-330.37,-227.81,60.5,-22.5,28.06,109.37,-26.37,144.31,144.19,39.81,20.06,-134.87,-157.31,-70.31
8,-84.06,-330.44,-227.81,60.5,-22.44,28.06,109.31,-26.37,144.31,144.25,39.81,20,-134.94,-157.37,-70.31
9,-84,-330.44,-227.87,60.5,-22.5,28,109.31,-26.37,144.37,144.25,39.81,20,-134.94,-157.44,-70.37
10,-83.94,-330.37,-227.87,60.5,-22.5,28,109.31,-26.44,144.37,144.31,39.81,20.06,-134.94,-157.44,-70.44
11,-83.87,-330.44,-227.87,60.44,-22.5,28,109.37,-26.37,144.37,144.25,39.88,20.06,-134.94,-157.44,-70.5
12,-83.81,-330.37,-227.94,60.44,-22.5,28,109.37,-26.44,144.44,144.31,39.81,20,-135,-157.5,-70.56
13,-83.75,-330.37,-227.94,60.44,-22.5,27.94,109.37,-26.37,144.44,144.31,39.81,20.06,-135,-157.5,-70.56
14,-83.69,-330.37,-227.94,60.44,-22.56,27.94,109.44,-26.37,144.44,144.31,39.81,20,-135,-157.56,-70.62
15,-83.69,-330.37,-228,60.44,-22.5,27.94,109.37,-26.37,144.44,144.31,39.81,20,-135,-157.56,-70.69
16,-83.62,-330.37,-228,60.44,-22.56,27.94,109.44,-26.44,144.5,144.37,39.81,20,-135,-157.62,-70.75
17,-83.56,-330.37,-228,60.44,-22.56,27.94,109.5,-26.44,144.5,144.37,39.81,20,-135,-157.62,-70.75
18,-83.5,-330.37,-228.06,60.44,-22.5,27.87,109.44,-26.44,144.5,144.37,39.88,20,-135,-157.69,-70.81
19,-83.5,-330.37,-228.06,60.44,-22.56,27.94,109.5,-26.37,144.5,144.37,39.81,20,-135,-157.69,-70.87
20,-83.5,-330.44,-228.06,60.44,-22.56,27.87,109.5,-26.44,144.5,144.44,39.81,19.94,-135,-157.69,-70.87
21,-69.69,-316.5,-221.25,64.44,-22.75,24,110.94,-18.37,139.69,126.94,31.31,25.44,-122.37,-151.63,-69.81
22,-71.56,-316.44,-220,64.56,-22.19,23,110.31,-17.56,138.56,126.94,30.81,24.56,-121.87,-149.31,-67.56
23,-73.19,-316.63,-219.37,64.37,-21.56,22.56,109.44,-17.31,138.12,127.31,30.44,24.06,-121.44,-148.06,-66.25
24,-74.56,-316.88,-218.94,64.31,-21.19,22.19,108.69,-17.25,138,127.69,30.25,23.69,-121.19,-147.25,-65.44
25,-75.62,-317.06,-218.69,64.06,-20.88,22.06,108.06,-17.25,137.94,128.06,30.19,23.38,-121.06,-146.81,-64.81
26,-76.62,-317.31,-218.5,63.87,-20.62,22.06,107.56,-17.25,137.94,128.38,30.12,23.12,-121.06,-146.5,-64.37
27,-77.31,-317.56,-218.37,63.56,-20.44,22.19,107.12,-17.37,137.88,128.75,30.25,22.94,-121.06,-146.37,-64.12
28,-78,-317.81,-218.31,63.31,-20.31,22.25,106.81,-17.5,137.94,129.12,30.31,22.87,-121.25,-146.37,-63.94
29,-78.5,-318,-218.19,63.06,-20.25,22.44,106.56,-17.56,138,129.44,30.5,22.81,-121.37,-146.5,-63.87
30,-78.75,-318.25,-218.06,62.81,-20.12,22.56,106.31,-17.81,138,129.81,30.62,22.75,-121.5,-146.62,-63.87
31,-79,-318.37,-218,62.62,-20.06,22.69,106.06,-17.94,137.94,130.12,30.81,22.75,-121.69,-146.75,-63.87
32,-79.25,-318.5,-218,62.38,-19.94,22.81,105.81,-18.12,137.94,130.44,31,22.75,-121.87,-147,-63.94
33,-79.37,-318.63,-218,62.19,-19.94,23,105.69,-18.31,138,130.75,31.19,22.69,-122.06,-147.13,-63.94
34,-79.56,-318.75,-218,61.94,-19.81,23.12,105.37,-18.44,138.06,130.94,31.44,22.69,-122.25,-147.31,-64
35,-79.69,-318.88,-218,61.75,-19.69,23.31,105.12,-18.56,138.06,131.19,31.62,22.62,-122.44,-147.5,-64.06
36,-79.81,-318.94,-218.06,61.56,-19.56,23.44,104.87,-18.75,138.12,131.37,31.81,22.62,-122.69,-147.69,-64.06
37,-79.87,-319,-218.06,61.37,-19.5,23.62,104.69,-18.87,138.19,131.56,32,22.62,-122.94,-147.81,-64.06
38,-79.87,-319.06,-218.06,61.25,-19.44,23.81,104.5,-19,138.25,131.75,32.19,22.62,-123.13,-147.94,-64.06
39,-79.87,-319.06,-218.12,61.06,-19.37,23.94,104.44,-19.12,138.25,131.94,32.44,22.62,-123.38,-148.13,-64.06
40,-79.87,-319.13,-218.12,60.94,-19.25,24.06,104.25,-19.31,138.31,132.12,32.56,22.62,-123.56,-148.25,-64.06
41,-79.87,-319.19,-218.12,60.81,-19.19,24.19,104.06,-19.5,138.37,132.31,32.69,22.62,-123.75,-148.38,-64.06
42,-79.94,-319.19,-218.19,60.69,-19.06,24.31,103.87,-19.62,138.44,132.5,32.88,22.62,-123.94,-148.5,-64.12
43,-79.87,-319.19,-218.19,60.56,-19.06,24.44,103.75,-19.75,138.44,132.69,33,22.62,-124.06,-148.62,-64.12
44,-79.94,-319.19,-218.19,60.44,-19,24.56,103.69,-19.87,138.5,132.81,33.13,22.62,-124.25,-148.75,-64.19
45,-79.87,-319.13,-218.19,60.38,-19,24.63,103.62,-20,138.5,133,33.25,22.62,-124.44,-148.87,-64.19
46,-79.81,-319.13,-218.19,60.25,-19,24.75,103.56,-20.19,138.5,133.12,33.38,22.62,-124.56,-149.06,-64.19
47,-79.75,-319.13,-218.19,60.19,-19,24.81,103.5,-20.25,138.56,133.25,33.5,22.62,-124.69,-149.12,-64.25
48,-79.75,-319.13,-218.19,60.06,-18.94,24.94,103.44,-20.37,138.56,133.37,33.63,22.62,-124.81,-149.25,-64.25
49,-79.69,-319.13,-218.19,60,-18.87,25,103.31,-20.5,138.56,133.5,33.75,22.62,-124.94,-149.38,-64.31
50,-79.62,-319.13,-218.19,59.94,-18.81,25.06,103.25,-20.62,138.62,133.63,33.88,22.62,-125.06,-149.44,-64.31
51,-79.56,-319.06,-218.19,59.88,-18.81,25.19,103.19,-20.75,138.62,133.75,33.94,22.69,-125.19,-149.56,-64.31
52,-79.56,-319.06,-218.19,59.81,-18.75,25.25,103,-20.81,138.62,133.87,34,22.62,-125.25,-149.69,-64.37
53,-79.5,-319.06,-218.12,59.69,-18.69,25.31,102.87,-20.94,138.62,134,34.13,22.62,-125.31,-149.75,-64.37
54,-79.56,-319.06,-218.12,59.69,-18.69,25.37,102.87,-21,138.62,134.06,34.19,22.62,-125.44,-149.81,-64.37
55,-79.5,-319,-218.12,59.63,-18.69,25.44,102.87,-21.12,138.69,134.19,34.25,22.69,-125.5,-149.87,-64.37
56,-79.44,-319,-218.12,59.56,-18.69,25.5,102.81,-21.19,138.62,134.25,34.31,22.62,-125.56,-150,-64.44
57,-79.44,-318.94,-218.06,59.5,-18.69,25.5,102.81,-21.31,138.69,134.31,34.38,22.69,-125.62,-150.06,-64.44
58,-79.37,-318.94,-218.06,59.44,-18.69,25.56,102.75,-21.37,138.62,134.44,34.44,22.69,-125.69,-150.12,-64.5
59,-79.37,-318.88,-218.12,59.44,-18.62,25.62,102.62,-21.44,138.69,134.5,34.44,22.69,-125.75,-150.25,-64.44
60,-79.37,-318.81,-218.06,59.38,-18.62,25.69,102.62,-21.5,138.69,134.56,34.5,22.69,-125.81,-150.31,-64.5
61,-79.31,-318.75,-218.06,59.38,-18.62,25.69,102.62,-21.56,138.69,134.63,34.56,22.75,-125.87,-150.38,-64.5
62,-79.25,-318.75,-218,59.31,-18.62,25.75,102.62,-21.69,138.69,134.69,34.63,22.75,-125.87,-150.38,-64.5
63,-79.31,-318.69,-218,59.25,-18.56,25.81,102.5,-21.75,138.69,134.75,34.69,22.75,-126,-150.44,-64.5
64,-79.31,-318.69,-218,59.25,-18.62,25.88,102.5,-21.75,138.69,134.81,34.69,22.81,-126,-150.5,-64.5
65,-79.31,-318.69,-218,59.19,-18.62,25.88,102.56,-21.87,138.75,134.81,34.69,22.81,-126.06,-150.56,-64.5
66,-79.37,-318.69,-218,59.19,-18.56,25.94,102.44,-21.87,138.75,134.87,34.75,22.81,-126.12,-150.62,-64.56
67,-79.37,-318.69,-218,59.19,-18.56,25.94,102.44,-21.94,138.75,134.94,34.75,22.81,-126.12,-150.69,-64.56
68,-79.37,-318.69,-218,59.13,-18.5,26,102.38,-22,138.75,135,34.81,22.81,-126.19,-150.75,-64.56
69,-79.44,-318.69,-218,59.13,-18.56,26,102.38,-22.06,138.75,135.06,34.81,22.81,-126.19,-150.81,-64.56
70,-79.37,-318.69,-218,59.06,-18.56,26.06,102.38,-22.13,138.75,135.06,34.81,22.81,-126.25,-150.87,-64.56
71,-79.37,-318.69,-218,59.06,-18.56,26.12,102.38,-22.19,138.81,135.12,34.88,22.87,-126.25,-150.87,-64.56
72,-79.31,-318.69,-218,59,-18.62,26.12,102.38,-22.25,138.81,135.12,34.88,22.87,-126.31,-150.94,-64.62
73,-79.31,-318.63,-217.94,59,-18.56,26.19,102.31,-22.25,138.81,135.19,34.88,22.87,-126.31,-151,-64.62
74,-79.31,-318.63,-217.94,59,-18.56,26.19,102.25,-22.31,138.81,135.25,34.94,22.87,-126.31,-151.06,-64.62
75,-79.37,-318.63,-217.94,58.94,-18.56,26.19,102.25,-22.37,138.81,135.25,34.94,22.87,-126.31,-151.06,-64.69
76,-79.37,-318.56,-217.94,58.94,-18.56,26.25,102.25,-22.44,138.81,135.31,34.94,22.87,-126.38,-151.12,-64.69
77,-79.37,-318.56,-217.87,58.94,-18.56,26.25,102.25,-22.44,138.81,135.31,34.94,22.87,-126.38,-151.19,-64.69
78,-79.37,-318.56,-217.87,58.87,-18.62,26.31,102.25,-22.5,138.81,135.37,34.94,22.87,-126.38,-151.25,-64.75
79,-79.37,-318.56,-217.87,58.87,-18.62,26.31,102.25,-22.56,138.81,135.37,35,22.87,-126.44,-151.25,-64.75
80,-79.37,-318.5,-217.87,58.87,-18.56,26.37,102.25,-22.56,138.81,135.44,35,22.94,-126.44,-151.31,-64.75
