Time [s],V3-5,V4-6,V5-7,V6-8,V7-9,V8-10,V9-11,V10-12,V11-13,V12-14,V13-15,V14-16,V15-17,V16-18,V17-18
1,-80.62,-325.81,-232,64.44,-13.69,26.25,105.19,-27.75,152.87,142.81,31.06,30.12,-123.06,-164.19,-80
2,-80.62,-325.87,-232.06,64.5,-13.69,26.25,105.19,-27.75,152.87,142.87,31.06,30.12,-123.13,-164.25,-80.06
3,-80.62,-325.87,-232.06,64.44,-13.62,26.25,105.12,-27.69,152.87,142.94,31,30.06,-123.13,-164.31,-80.12
4,-80.62,-325.94,-232.12,64.5,-13.62,26.19,105.25,-27.69,152.87,142.94,31.06,30.06,-123.13,-164.37,-80.19
5,-80.56,-326,-232.12,64.5,-13.62,26.19,105.25,-27.69,152.87,142.94,31,30.06,-123.13,-164.44,-80.25
6,-80.56,-326.06,-232.12,64.5,-13.62,26.19,105.25,-27.69,152.87,143,31.06,30,-123.13,-164.44,-80.31
7,-80.56,-326.06,-232.19,64.5,-13.62,26.19,105.25,-27.69,152.94,143,31,30,-123.13,-164.5,-80.38
8,-80.5,-326.06,-232.19,64.5,-13.62,26.19,105.31,-27.62,152.94,143.06,31.06,29.94,-123.13,-164.56,-80.44
9,-80.5,-326.12,-232.19,64.5,-13.62,26.12,105.31,-27.62,153,143.06,31,29.94,-123.13,-164.62,-80.44
10,-80.56,-326.12,-232.25,64.56,-13.56,26.06,105.31,-27.62,152.94,143.13,31,29.87,-123.19,-164.69,-80.5
11,-80.56,-326.12,-232.25,64.5,-13.62,26.12,105.37,-27.62,153,143.19,31,29.87,-123.13,-164.69,-80.56
12,-80.56,-326.19,-232.25,64.5,-13.62,26.06,105.37,-27.56,153,143.19,31,29.81,-123.13,-164.75,-80.62
13,-80.62,-326.19,-232.31,64.56,-13.62,26.06,105.37,-27.56,153,143.19,31,29.81,-123.19,-164.81,-80.62
14,-80.56,-326.19,-232.31,64.56,-13.62,26.06,105.44,-27.5,152.94,143.25,31.06,29.75,-123.19,-164.81,-80.69
15,-80.56,-326.25,-232.31,64.56,-13.62,26,105.44,-27.5,153,143.25,31,29.75,-123.19,-164.88,-80.75
16,-80.62,-326.25,-232.37,64.56,-13.56,26,105.37,-27.5,153,143.25,31,29.69,-123.19,-164.88,-80.81
17,-80.56,-326.31,-232.37,64.56,-13.56,26,105.37,-27.5,153,143.31,31.06,29.69,-123.19,-164.94,-80.87
18,-80.56,-326.37,-232.37,64.56,-13.56,26,105.44,-27.44,153,143.31,31.06,29.63,-123.19,-164.94,-80.87
19,-80.5,-326.44,-232.44,64.56,-13.56,26,105.44,-27.5,153,143.37,31.06,29.63,-123.19,-165.06,-80.94
20,-80.5,-326.5,-232.44,64.56,-13.56,25.94,105.44,-27.44,153,143.44,31.06,29.56,-123.13,-165.06,-81
21,-71.75,-317.75,-226.88,68.37,-13.5,21.87,107,-18.69,147.75,127.94,24,32,-113,-156.19,-77.06
22,-73.06,-318.06,-226.56,68.25,-12.94,21.44,106.19,-18.25,147.44,128.31,23.81,31.5,-112.81,-155.25,-76
23,-74.25,-318.44,-226.37,68,-12.44,21.19,105.44,-18.12,147.37,128.81,23.81,31.12,-112.81,-154.69,-75.31
24,-75.31,-318.81,-226.31,67.81,-12,21.06,104.81,-18,147.44,129.38,23.81,30.81,-112.88,-154.5,-74.87
25,-76.25,-319.13,-226.25,67.62,-11.69,21,104.25,-18,147.5,129.81,23.94,30.56,-113.12,-154.44,-74.62
26,-76.94,-319.5,-226.19,67.44,-11.5,21,103.94,-18,147.62,130.19,24.12,30.44,-113.37,-154.5,-74.44
27,-77.44,-319.81,-226.12,67.31,-11.31,21,103.5,-18.06,147.75,130.56,24.31,30.25,-113.69,-154.63,-74.25
28,-77.87,-320.06,-226.12,67.12,-11.19,21,103.19,-18.06,147.94,131,24.56,30.19,-113.94,-154.81,-74.25
29,-78.44,-320.31,-226,66.94,-11.12,21.12,103,-18.19,148.06,131.31,24.75,30.12,-114.19,-155.06,-74.31
30,-78.81,-320.56,-226,66.81,-11,21.19,102.75,-18.19,148.13,131.63,25,30.06,-114.37,-155.25,-74.31
31,-79.06,-320.75,-226.06,66.69,-10.88,21.25,102.44,-18.25,148.25,131.94,25.25,30,-114.62,-155.5,-74.37
32,-79.25,-320.94,-226.25,66.56,-10.94,21.37,102.38,-18.31,148.31,132.12,25.5,29.87,-114.88,-155.69,-74.5
33,-79.44,-321.06,-226.37,66.44,-10.75,21.5,102.06,-18.44,148.44,132.44,25.75,29.81,-115.12,-155.87,-74.5
34,-79.56,-321.19,-226.56,66.25,-10.69,21.56,101.87,-18.5,148.5,132.63,25.94,29.81,-115.44,-156.06,-74.5
35,-79.56,-321.25,-226.69,66.12,-10.56,21.69,101.69,-18.62,148.56,132.87,26.19,29.81,-115.69,-156.25,-74.5
36,-79.5,-321.37,-226.81,66,-10.5,21.81,101.56,-18.81,148.69,133.12,26.37,29.81,-115.94,-156.44,-74.5
37,-79.44,-321.44,-226.94,65.87,-10.44,21.87,101.38,-18.94,148.75,133.37,26.56,29.81,-116.12,-156.63,-74.56
38,-79.37,-321.56,-227.06,65.81,-10.38,21.94,101.25,-19.12,148.81,133.63,26.75,29.81,-116.37,-156.75,-74.62
39,-79.31,-321.62,-227.13,65.69,-10.31,22,101.12,-19.25,148.87,133.87,26.94,29.75,-116.56,-156.94,-74.62
40,-79.25,-321.69,-227.19,65.56,-10.31,22.13,101,-19.37,148.94,134.12,27.06,29.75,-116.75,-157.06,-74.69
41,-79.25,-321.75,-227.25,65.5,-10.06,22.19,100.69,-19.56,149,134.31,27.19,29.75,-116.94,-157.25,-74.75
42,-79.12,-321.75,-227.31,65.37,-10.06,22.25,100.62,-19.69,149,134.5,27.31,29.75,-117.13,-157.37,-74.75
43,-79.06,-321.81,-227.31,65.31,-10,22.31,100.5,-19.81,149.06,134.69,27.5,29.69,-117.25,-157.5,-74.81
44,-79,-321.81,-227.31,65.25,-9.94,22.37,100.31,-19.87,149.06,134.87,27.62,29.69,-117.37,-157.62,-74.81
45,-79,-321.81,-227.38,65.19,-9.94,22.44,100.25,-20,149.12,135.06,27.75,29.69,-117.56,-157.69,-74.81
46,-78.94,-321.81,-227.44,65.06,-9.88,22.5,100.12,-20.12,149.19,135.19,27.81,29.69,-117.62,-157.81,-74.81
47,-78.87,-321.81,-227.44,65,-9.81,22.56,100,-20.25,149.25,135.31,27.94,29.69,-117.81,-157.94,-74.87
48,-78.87,-321.87,-227.5,64.94,-9.75,22.62,99.87,-20.31,149.25,135.5,28,29.63,-117.87,-158,-74.87
49,-78.81,-321.87,-227.5,64.87,-9.75,22.69,99.87,-20.44,149.31,135.63,28.12,29.63,-118,-158.12,-74.94
50,-78.81,-321.94,-227.56,64.81,-9.69,22.75,99.81,-20.5,149.31,135.75,28.19,29.63,-118.13,-158.19,-74.94
51,-78.75,-321.94,-227.56,64.75,-9.56,22.81,99.62,-20.56,149.38,135.88,28.31,29.56,-118.19,-158.31,-74.94
52,-78.69,-321.94,-227.56,64.69,-9.63,22.87,99.62,-20.69,149.38,136,28.38,29.56,-118.25,-158.44,-75
53,-78.62,-321.94,-227.62,64.62,-9.63,22.94,99.56,-20.75,149.44,136.12,28.44,29.56,-118.31,-158.5,-75
54,-78.56,-322,-227.62,64.56,-9.63,23,99.56,-20.81,149.44,136.19,28.5,29.56,-118.44,-158.56,-75
55,-78.56,-322,-227.62,64.56,-9.69,23,99.56,-20.94,149.5,136.31,28.56,29.56,-118.5,-158.63,-75.06
56,-78.56,-321.94,-227.62,64.5,-9.75,23.06,99.56,-21,149.5,136.44,28.56,29.56,-118.56,-158.75,-75.06
57,-78.44,-321.94,-227.62,64.44,-9.69,23.12,99.5,-21.06,149.5,136.5,28.69,29.56,-118.62,-158.75,-75.12
58,-78.37,-321.87,-227.62,64.37,-9.69,23.19,99.5,-21.12,149.5,136.56,28.69,29.56,-118.69,-158.81,-75.12
59,-78.31,-321.87,-227.62,64.37,-9.63,23.19,99.37,-21.19,149.56,136.62,28.75,29.56,-118.75,-158.94,-75.12
60,-78.31,-321.81,-227.62,64.31,-9.69,23.25,99.37,-21.25,149.56,136.69,28.81,29.56,-118.81,-159,-75.19
61,-78.25,-321.75,-227.62,64.25,-9.63,23.25,99.37,-21.25,149.56,136.75,28.87,29.56,-118.81,-159.06,-75.25
62,-78.25,-321.75,-227.62,64.25,-9.69,23.25,99.37,-21.31,149.56,136.81,28.87,29.56,-118.87,-159.12,-75.25
63,-78.19,-321.62,-227.69,64.19,-9.63,23.31,99.31,-21.37,149.62,136.81,28.94,29.56,-118.87,-159.19,-75.25
64,-78.12,-321.62,-227.62,64.19,-9.63,23.31,99.25,-21.44,149.62,136.88,28.94,29.56,-118.94,-159.25,-75.31
65,-78.12,-321.62,-227.62,64.12,-9.56,23.38,99.19,-21.5,149.62,136.94,29,29.56,-118.94,-159.31,-75.31
66,-78.12,-321.56,-227.62,64.12,-9.56,23.44,99.19,-21.5,149.62,137,29,29.56,-119,-159.37,-75.37
67,-78.12,-321.56,-227.69,64.12,-9.63,23.44,99.19,-21.56,149.69,137,29,29.56,-119,-159.37,-75.37
68,-78.19,-321.56,-227.62,64.06,-9.5,23.44,99.13,-21.62,149.69,137.06,29.06,29.56,-119,-159.44,-75.44
69,-78.19,-321.56,-227.69,64.06,-9.5,23.5,99.06,-21.62,149.69,137.12,29.06,29.56,-119.06,-159.5,-75.44
70,-78.12,-321.56,-227.62,64,-9.56,23.56,99.06,-21.69,149.69,137.12,29.06,29.63,-119.06,-159.5,-75.5
71,-78.06,-321.5,-227.62,64,-9.56,23.56,99.06,-21.75,149.69,137.19,29.12,29.63,-119.13,-159.56,-75.5
72,-78,-321.5,-227.62,64,-9.63,23.56,99.13,-21.75,149.69,137.19,29.12,29.63,-119.13,-159.63,-75.5
73,-78,-321.44,-227.62,64,-9.56,23.56,99.06,-21.81,149.75,137.19,29.12,29.63,-119.13,-159.75,-75.56
74,-78.06,-321.44,-227.62,63.94,-9.63,23.62,99.06,-21.81,149.75,137.25,29.12,29.63,-119.13,-159.75,-75.62
75,-78,-321.44,-227.62,63.94,-9.56,23.62,99,-21.81,149.75,137.25,29.19,29.63,-119.13,-159.81,-75.62
76,-78.06,-321.44,-227.62,63.87,-9.56,23.62,99,-21.87,149.75,137.31,29.19,29.63,-119.19,-159.87,-75.69
77,-78,-321.44,-227.62,63.87,-9.5,23.69,98.94,-21.94,149.81,137.31,29.19,29.63,-119.19,-159.87,-75.75
78,-78,-321.44,-227.62,63.87,-9.63,23.69,99,-21.94,149.75,137.31,29.19,29.56,-119.19,-159.94,-75.75
79,-78.06,-321.44,-227.56,63.87,-9.56,23.69,99,-21.94,149.81,137.31,29.19,29.63,-119.19,-160,-75.81
80,-78.06,-321.44,-227.62,63.87,-9.56,23.69,98.94,-21.94,149.81,137.37,29.19,29.63,-119.19,-160.06,-75.81
