Time [s],V3-5,V4-6,V5-7,V6-8,V7-9,V8-10,V9-11,V10-12,V11-13,V12-14,V13-15,V14-16,V15-17,V16-18,V17-18
1,-82.56,-318.44,-212.56,59.94,-24.25,27,110.37,-26.25,116.88,132.12,51.31,16.75,-135.5,-144.19,-58.75
2,-82.56,-318.44,-212.63,59.94,-24.31,27,110.44,-26.25,116.88,132.19,51.31,16.69,-135.56,-144.25,-58.75
3,-82.56,-318.44,-212.63,59.94,-24.31,26.94,110.44,-26.19,116.94,132.19,51.31,16.62,-135.56,-144.25,-58.81
4,-82.56,-318.5,-212.69,60,-24.31,26.94,110.5,-26.19,116.94,132.19,51.31,16.62,-135.56,-144.31,-58.81
5,-82.56,-318.56,-212.69,60,-24.31,26.94,110.44,-26.19,116.94,132.25,51.31,16.56,-135.56,-144.31,-58.87
6,-82.56,-318.56,-212.69,60,-24.31,26.87,110.44,-26.12,117,132.25,51.31,16.56,-135.56,-144.37,-58.94
7,-82.56,-318.63,-212.75,60,-24.37,26.87,110.56,-26.12,117,132.31,51.31,16.5,-135.63,-144.37,-59
8,-82.5,-318.63,-212.75,60,-24.37,26.81,110.56,-26.12,117,132.31,51.31,16.44,-135.63,-144.44,-59
9,-82.5,-318.69,-212.75,60.06,-24.44,26.81,110.56,-26.12,117,132.31,51.31,16.44,-135.63,-144.44,-59.06
10,-82.5,-318.69,-212.81,60.06,-24.37,26.81,110.56,-26.06,117.06,132.31,51.25,16.37,-135.63,-144.5,-59.06
11,-82.5,-318.75,-212.81,60.06,-24.44,26.75,110.63,-26,117.06,132.31,51.25,16.37,-135.63,-144.5,-59.13
12,-82.44,-318.75,-212.88,60.06,-24.5,26.75,110.63,-26,117.06,132.37,51.25,16.37,-135.63,-144.5,-59.19
13,-82.37,-318.75,-212.88,60.12,-24.5,26.69,110.69,-26,117.13,132.37,51.25,16.31,-135.63,-144.56,-59.19
14,-82.37,-318.81,-212.88,60.06,-24.56,26.69,110.75,-25.94,117.13,132.37,51.25,16.31,-135.63,-144.56,-59.25
15,-82.37,-318.88,-212.88,60.12,-24.5,26.69,110.69,-25.94,117.13,132.44,51.25,16.31,-135.63,-144.62,-59.31
16,-82.31,-318.88,-212.94,60.12,-24.56,26.69,110.75,-25.94,117.13,132.37,51.25,16.25,-135.63,-144.62,-59.31
17,-82.25,-318.88,-212.88,60.12,-24.5,26.62,110.69,-25.88,117.19,132.44,51.25,16.25,-135.69,-144.69,-59.31
18,-82.19,-318.94,-212.94,60.12,-24.63,26.62,110.81,-25.88,117.19,132.44,51.25,16.25,-135.69,-144.69,-59.38
19,-82.19,-318.94,-212.88,60.12,-24.56,26.62,110.81,-25.88,117.19,132.44,51.25,16.25,-135.63,-144.75,-59.44
20,-82.19,-318.94,-212.88,60.12,-24.63,26.56,110.81,-25.81,117.19,132.44,51.19,16.19,-135.63,-144.75,-59.44
21,-72.37,-309.25,-207.5,61.25,-25.75,26.25,112.31,-20.94,116.37,121.5,43.38,19,-128.75,-140.81,-57.88
22,-72.75,-309.75,-206.44,62,-25.19,25,112.12,-19.5,115.31,120.81,42.56,18.31,-127.62,-139.06,-56.69
23,-73.25,-310.13,-206.06,62.25,-24.63,24.25,111.37,-18.94,114.94,120.69,42.13,17.87,-127,-138.06,-56.06
24,-73.87,-310.5,-205.87,62.38,-24.25,23.69,110.81,-18.62,114.88,120.87,41.88,17.5,-126.62,-137.44,-55.56
25,-74.5,-310.88,-205.75,62.44,-24,23.31,110.25,-18.37,114.81,121,41.75,17.31,-126.44,-137.06,-55.12
26,-75.31,-311.25,-205.69,62.44,-23.69,23.06,109.75,-18.31,114.94,121.19,41.63,17.12,-126.44,-136.88,-54.81
27,-76,-311.56,-205.62,62.38,-23.44,22.87,109.25,-18.19,115,121.37,41.69,17,-126.56,-136.69,-54.5
28,-76.75,-311.81,-205.5,62.31,-23.31,22.81,109,-18.19,115.06,121.62,41.69,16.81,-126.81,-136.69,-54.19
29,-77.44,-312.06,-205.44,62.25,-22.62,22.75,108.12,-18.19,115.12,121.81,41.75,16.75,-126.94,-136.75,-54.13
30,-78.19,-312.31,-205.37,62.19,-22.25,22.69,107.63,-18.19,115.25,122.06,41.88,16.62,-126.94,-136.81,-54.25
31,-78.94,-312.44,-205.31,62.06,-22,22.69,107.25,-18.19,115.25,122.25,42.06,16.62,-126.81,-136.88,-54.5
32,-79.62,-312.63,-205.5,61.94,-21.75,22.75,106.94,-18.25,115.25,122.44,42.25,16.5,-126.62,-137,-54.81
33,-80.12,-312.75,-205.81,61.88,-21.56,22.75,106.69,-18.31,115.25,122.62,42.56,16.44,-126.56,-137.06,-55.06
34,-80.5,-312.88,-206.25,61.81,-21.37,22.75,106.44,-18.37,115.25,122.87,42.81,16.37,-126.56,-137.19,-55.25
35,-80.81,-313,-206.69,61.69,-21.19,22.81,106.19,-18.44,115.37,123.06,43.06,16.25,-126.62,-137.31,-55.44
36,-81.12,-313.12,-206.94,61.56,-20.75,22.81,105.69,-18.5,115.44,123.31,43.31,16.25,-126.75,-137.44,-55.5
37,-81.37,-313.19,-207.19,61.44,-20.56,22.87,105.44,-18.56,115.44,123.5,43.56,16.19,-127,-137.56,-55.56
38,-81.5,-313.25,-207.44,61.31,-20.44,22.94,105.19,-18.69,115.56,123.69,43.69,16.19,-127.12,-137.75,-55.69
39,-81.63,-313.31,-207.56,61.19,-20.37,23,105.06,-18.75,115.69,123.87,43.94,16.12,-127.31,-137.81,-55.69
40,-81.63,-313.44,-207.75,61.06,-20.25,23.06,104.81,-18.87,115.81,124.06,44.06,16.06,-127.56,-138,-55.75
41,-81.75,-313.56,-207.87,60.94,-19.75,23.12,104.25,-18.94,115.88,124.25,44.25,16.06,-127.75,-138.12,-55.81
42,-81.75,-313.62,-208,60.81,-19.44,23.19,103.87,-19.06,116,124.44,44.38,16,-128,-138.25,-55.81
43,-81.75,-313.69,-208.06,60.69,-19.06,23.31,103.44,-19.12,116.12,124.62,44.5,16,-128.19,-138.37,-55.81
44,-81.75,-313.81,-208.06,60.63,-18.94,23.31,103.31,-19.19,116.19,124.81,44.63,16,-128.38,-138.5,-55.88
45,-81.75,-313.87,-208.19,60.56,-18.94,23.38,103.19,-19.31,116.25,124.94,44.75,16,-128.62,-138.62,-55.94
46,-81.69,-314,-208.19,60.5,-18.87,23.5,103.12,-19.37,116.37,125.12,44.81,15.94,-128.75,-138.75,-56
47,-81.69,-314.12,-208.19,60.44,-18.87,23.56,103.06,-19.5,116.37,125.25,44.94,15.94,-128.94,-138.88,-55.94
48,-81.69,-314.19,-208.25,60.38,-18.81,23.56,103,-19.56,116.44,125.44,45.06,15.88,-129.12,-138.94,-56
49,-81.63,-314.25,-208.31,60.31,-18.69,23.69,102.81,-19.62,116.5,125.56,45.19,15.88,-129.31,-139,-56
50,-81.56,-314.31,-208.31,60.25,-18.75,23.69,102.81,-19.69,116.56,125.75,45.31,15.88,-129.5,-139.12,-56
51,-81.5,-314.38,-208.38,60.19,-18.69,23.75,102.75,-19.75,116.56,125.87,45.44,15.81,-129.63,-139.19,-56
52,-81.44,-314.38,-208.44,60.12,-18.62,23.81,102.62,-19.81,116.62,126,45.56,15.81,-129.81,-139.25,-56
53,-81.44,-314.44,-208.44,60.06,-18.56,23.87,102.56,-19.87,116.62,126.12,45.63,15.75,-129.94,-139.37,-56
54,-81.37,-314.44,-208.5,60,-18.5,23.94,102.44,-19.94,116.69,126.19,45.75,15.75,-130.06,-139.44,-56.06
55,-81.37,-314.5,-208.56,60,-18.44,23.94,102.38,-19.94,116.75,126.31,45.88,15.75,-130.19,-139.5,-56.06
56,-81.31,-314.5,-208.63,59.94,-18.37,24,102.31,-20,116.81,126.44,45.94,15.69,-130.31,-139.62,-56.06
57,-81.31,-314.56,-208.69,59.88,-18.37,24.06,102.31,-20.06,116.88,126.5,46.06,15.69,-130.44,-139.69,-56.06
58,-81.19,-314.56,-208.75,59.88,-18.37,24.06,102.31,-20.06,116.88,126.62,46.19,15.69,-130.56,-139.75,-56.13
59,-81.12,-314.56,-208.75,59.81,-18.31,24.12,102.12,-20.12,116.94,126.75,46.19,15.63,-130.69,-139.81,-56.06
60,-81.06,-314.63,-208.75,59.75,-18.31,24.12,102.12,-20.19,116.94,126.87,46.31,15.63,-130.75,-139.94,-56.06
61,-81,-314.63,-208.81,59.75,-18.25,24.19,102.12,-20.19,117,126.94,46.37,15.63,-130.87,-140,-56.13
62,-81,-314.63,-208.81,59.69,-18.31,24.25,102.12,-20.25,117,127,46.44,15.63,-131,-140.06,-56.13
63,-80.94,-314.69,-208.87,59.69,-18.25,24.25,102.06,-20.31,117.06,127.12,46.5,15.63,-131.06,-140.12,-56.06
64,-80.94,-314.69,-208.87,59.69,-18.19,24.31,102,-20.31,117.13,127.12,46.56,15.63,-131.12,-140.19,-56.13
65,-80.87,-314.69,-208.94,59.63,-18.19,24.31,101.94,-20.31,117.13,127.25,46.63,15.63,-131.19,-140.25,-56.13
66,-80.81,-314.69,-208.94,59.56,-18.19,24.37,101.94,-20.37,117.19,127.31,46.69,15.63,-131.25,-140.31,-56.13
67,-80.87,-314.69,-209,59.56,-18.12,24.37,101.94,-20.37,117.19,127.38,46.75,15.63,-131.37,-140.37,-56.13
68,-80.87,-314.69,-209.06,59.5,-18.12,24.37,101.87,-20.37,117.19,127.44,46.81,15.63,-131.44,-140.44,-56.06
69,-80.81,-314.69,-209.06,59.5,-18.12,24.37,101.87,-20.44,117.25,127.5,46.88,15.63,-131.5,-140.44,-56.06
70,-80.75,-314.69,-209.12,59.5,-18.12,24.37,101.81,-20.44,117.31,127.56,46.88,15.63,-131.56,-140.5,-56.06
71,-80.75,-314.69,-209.12,59.44,-18.06,24.44,101.75,-20.5,117.31,127.62,46.94,15.63,-131.63,-140.62,-56.06
72,-80.69,-314.69,-209.12,59.44,-18.12,24.44,101.81,-20.5,117.37,127.62,47,15.63,-131.69,-140.69,-56.06
73,-80.69,-314.69,-209.19,59.44,-18.12,24.5,101.75,-20.5,117.37,127.75,47,15.63,-131.75,-140.75,-56.13
74,-80.75,-314.75,-209.19,59.44,-18.12,24.5,101.75,-20.5,117.44,127.75,47,15.63,-131.81,-140.81,-56.13
75,-80.75,-314.81,-209.25,59.38,-18.19,24.5,101.81,-20.56,117.5,127.87,47.06,15.63,-131.87,-140.81,-56.13
76,-80.75,-314.81,-209.31,59.38,-18.19,24.5,101.81,-20.56,117.5,127.94,47.13,15.63,-131.87,-140.94,-56.13
77,-80.69,-314.88,-209.31,59.31,-18.19,24.56,101.81,-20.56,117.5,127.94,47.13,15.63,-131.94,-140.94,-56.13
78,-80.75,-314.88,-209.31,59.31,-18.19,24.56,101.87,-20.56,117.56,128,47.19,15.63,-132,-141,-56.13
79,-80.75,-314.94,-209.37,59.31,-18.19,24.56,101.81,-20.62,117.62,128.06,47.19,15.56,-132.06,-141.06,-56.19
80,-80.69,-314.94,-209.37,59.31,-18.19,24.56,101.75,-20.62,117.62,128.12,47.19,15.56,-132.12,-141.12,-56.19
