Time [s],V3-5,V4-6,V5-7,V6-8,V7-9,V8-10,V9-11,V10-12,V11-13,V12-14,V13-15,V14-16,V15-17,V16-18,V17-18
1,-79.25,-328.62,-245.25,68.12,-1.87,24.5,103.5,-27,160.06,143.44,28.75,37.75,-117.94,-171.62,-86.19
2,-79.25,-328.62,-245.31,68.12,-1.87,24.44,103.44,-27,160.06,143.44,28.75,37.75,-117.94,-171.69,-86.19
3,-79.19,-328.62,-245.31,68.12,-1.81,24.44,103.44,-27,160.06,143.44,28.75,37.75,-117.94,-171.69,-86.25
4,-79.19,-328.62,-245.31,68.12,-1.81,24.44,103.44,-27,160.06,143.44,28.75,37.75,-117.94,-171.75,-86.31
5,-79.25,-328.62,-245.37,68.12,-1.81,24.37,103.44,-26.94,160.06,143.44,28.75,37.75,-117.94,-171.81,-86.31
6,-79.25,-328.62,-245.37,68.12,-1.81,24.37,103.5,-27,160.06,143.5,28.75,37.75,-117.94,-171.81,-86.44
7,-79.31,-328.69,-245.37,68.19,-1.81,24.37,103.5,-26.94,160.06,143.5,28.75,37.69,-117.94,-171.87,-86.44
8,-79.31,-328.69,-245.44,68.12,-1.81,24.37,103.5,-26.94,160.06,143.5,28.75,37.69,-117.94,-171.94,-86.5
9,-79.31,-328.69,-245.44,68.19,-1.81,24.37,103.5,-26.94,160,143.56,28.75,37.69,-117.94,-171.94,-86.56
10,-79.31,-328.69,-245.44,68.12,-1.81,24.31,103.56,-26.94,160.06,143.56,28.75,37.69,-117.94,-171.94,-86.56
11,-79.31,-328.69,-245.44,68.19,-1.81,24.31,103.56,-26.94,160,143.56,28.75,37.69,-117.94,-172,-86.63
12,-79.31,-328.69,-245.44,68.19,-1.81,24.31,103.5,-26.94,160.06,143.56,28.75,37.69,-117.94,-172,-86.69
13,-79.31,-328.69,-245.5,68.12,-1.81,24.31,103.56,-26.94,160,143.56,28.75,37.63,-117.94,-172,-86.69
14,-79.25,-328.69,-245.5,68.12,-1.75,24.25,103.56,-26.94,160,143.56,28.81,37.63,-117.94,-172.06,-86.75
15,-79.19,-328.62,-245.44,68.19,-1.75,24.25,103.56,-26.87,160,143.56,28.81,37.63,-117.94,-172.13,-86.75
16,-79.12,-328.62,-245.5,68.12,-1.81,24.25,103.62,-26.87,160,143.56,28.81,37.63,-117.94,-172.13,-86.81
17,-79.12,-328.56,-245.44,68.19,-1.75,24.25,103.56,-26.87,159.94,143.56,28.81,37.63,-117.94,-172.19,-86.87
18,-79.06,-328.56,-245.5,68.19,-1.81,24.25,103.62,-26.87,159.94,143.56,28.75,37.63,-117.87,-172.19,-86.94
19,-79.06,-328.56,-245.5,68.12,-1.75,24.19,103.62,-26.87,159.94,143.56,28.81,37.69,-117.87,-172.19,-86.94
20,-79.06,-328.5,-245.5,68.19,-1.69,24.19,103.56,-26.87,159.94,143.56,28.75,37.63,-117.87,-172.25,-87
21,-71.69,-321.37,-240.5,73.12,-2.06,19.37,105.37,-17.69,155.31,128.94,22.81,38.94,-110.06,-164.69,-83.37
22,-72.87,-321.75,-240.25,73,-1.5,18.87,104.75,-17.44,155.06,129.63,22.62,38.38,-109.94,-163.62,-82.12
23,-73.94,-322.19,-240.12,72.81,-1,18.69,104.12,-17.37,155,130.31,22.62,37.94,-110,-163.06,-81.37
24,-74.81,-322.56,-240.19,72.62,-0.5,18.56,103.62,-17.31,155,130.94,22.62,37.63,-110.06,-162.81,-80.94
25,-75.69,-322.94,-240.25,72.37,-0.31,18.56,103.19,-17.37,155.12,131.5,22.75,37.38,-110.31,-162.81,-80.69
26,-76.5,-323.25,-240.31,72.12,-0.13,18.56,102.81,-17.44,155.25,132.06,22.94,37.19,-110.5,-162.88,-80.56
27,-77.06,-323.5,-240.44,71.87,-0.13,18.62,102.56,-17.5,155.37,132.56,23.12,37,-110.56,-163,-80.56
28,-77.69,-323.81,-240.44,71.69,0,18.69,102.31,-17.62,155.56,133.06,23.38,36.94,-110.56,-163.19,-80.81
29,-78.19,-324.06,-240.5,71.44,0,18.75,102.06,-17.75,155.69,133.5,23.69,36.81,-110.63,-163.44,-81
30,-78.56,-324.31,-240.62,71.25,0.06,18.87,101.75,-17.94,155.81,133.87,24,36.75,-110.75,-163.56,-81.12
31,-78.81,-324.5,-240.81,71.06,0.19,18.94,101.5,-18,155.94,134.19,24.19,36.69,-110.94,-163.69,-81.12
32,-79.12,-324.62,-241,70.94,0.25,19.06,101.25,-18.06,156.06,134.56,24.44,36.63,-111.19,-163.75,-81.12
33,-79.25,-324.75,-241.12,70.69,0.31,19.12,101.06,-18.19,156.12,134.81,24.63,36.56,-111.37,-163.94,-81.12
34,-79.37,-324.88,-241.25,70.56,0.44,19.25,100.87,-18.31,156.25,135.12,24.87,36.5,-111.69,-164.06,-81.12
35,-79.37,-324.94,-241.38,70.37,0.5,19.37,100.69,-18.44,156.31,135.37,25.06,36.5,-111.94,-164.13,-81.06
36,-79.44,-325,-241.5,70.19,0.62,19.5,100.5,-18.56,156.37,135.63,25.19,36.44,-112.12,-164.31,-81.06
37,-79.5,-325.06,-241.63,70,0.69,19.62,100.44,-18.69,156.44,135.88,25.37,36.44,-112.44,-164.37,-81.06
38,-79.5,-325.06,-241.75,69.87,0.81,19.75,100.19,-18.81,156.5,136.12,25.5,36.5,-112.62,-164.56,-81.12
39,-79.44,-325.19,-241.81,69.69,0.81,19.87,100.06,-18.94,156.56,136.31,25.69,36.44,-112.88,-164.69,-81.12
40,-79.31,-325.25,-241.88,69.56,0.88,20,100,-19.06,156.63,136.5,25.81,36.44,-113.06,-164.81,-81.19
41,-79.31,-325.25,-242,69.37,1,20.06,99.87,-19.19,156.69,136.69,25.94,36.44,-113.25,-164.94,-81.19
42,-79.25,-325.38,-242.06,69.31,1,20.12,99.75,-19.31,156.69,136.88,26.06,36.44,-113.37,-165.06,-81.25
43,-79.12,-325.38,-242.13,69.19,1.06,20.25,99.69,-19.37,156.75,137.06,26.19,36.38,-113.56,-165.19,-81.25
44,-79.12,-325.44,-242.19,69.12,1.06,20.31,99.62,-19.56,156.81,137.25,26.31,36.38,-113.75,-165.31,-81.31
45,-79.06,-325.5,-242.19,69,1.12,20.37,99.5,-19.62,156.87,137.37,26.37,36.38,-113.88,-165.44,-81.37
46,-79,-325.56,-242.25,68.94,1.12,20.5,99.44,-19.75,156.94,137.56,26.44,36.38,-114,-165.5,-81.37
47,-78.87,-325.62,-242.25,68.81,1.19,20.56,99.37,-19.81,157,137.69,26.5,36.31,-114.12,-165.62,-81.44
48,-78.81,-325.62,-242.25,68.81,1.19,20.62,99.31,-19.94,157.06,137.88,26.62,36.31,-114.25,-165.69,-81.44
49,-78.75,-325.69,-242.31,68.69,1.19,20.69,99.19,-20,157.12,138,26.75,36.31,-114.37,-165.81,-81.5
50,-78.69,-325.69,-242.31,68.62,1.25,20.75,99.13,-20.12,157.19,138.12,26.81,36.31,-114.44,-165.88,-81.5
51,-78.62,-325.75,-242.31,68.56,1.19,20.81,99.13,-20.25,157.19,138.25,26.81,36.25,-114.56,-165.94,-81.56
52,-78.5,-325.69,-242.31,68.5,1.31,20.88,98.94,-20.31,157.25,138.37,26.94,36.25,-114.62,-166.06,-81.56
53,-78.44,-325.69,-242.31,68.44,1.37,20.88,98.87,-20.37,157.25,138.44,27,36.31,-114.69,-166.12,-81.63
54,-78.37,-325.62,-242.31,68.37,1.37,20.94,98.81,-20.44,157.31,138.5,27.06,36.31,-114.75,-166.12,-81.63
55,-78.31,-325.56,-242.31,68.31,1.44,21,98.75,-20.5,157.31,138.56,27.13,36.31,-114.81,-166.25,-81.69
56,-78.31,-325.5,-242.31,68.25,1.44,21.06,98.62,-20.56,157.37,138.62,27.19,36.31,-114.94,-166.25,-81.63
57,-78.25,-325.5,-242.37,68.19,1.44,21.06,98.62,-20.69,157.37,138.69,27.19,36.31,-114.94,-166.31,-81.69
58,-78.19,-325.5,-242.37,68.12,1.44,21.12,98.56,-20.75,157.44,138.81,27.25,36.31,-115.06,-166.37,-81.69
59,-78.12,-325.44,-242.37,68.12,1.5,21.12,98.5,-20.81,157.44,138.81,27.31,36.38,-115.06,-166.37,-81.69
60,-78.06,-325.38,-242.37,68.06,1.5,21.12,98.44,-20.88,157.44,138.88,27.31,36.38,-115.12,-166.44,-81.69
61,-78,-325.38,-242.37,68,1.5,21.19,98.44,-20.88,157.5,138.94,27.44,36.38,-115.19,-166.44,-81.69
62,-77.94,-325.31,-242.37,68,1.44,21.25,98.44,-20.94,157.5,139,27.44,36.38,-115.19,-166.5,-81.69
63,-77.87,-325.31,-242.37,67.94,1.44,21.25,98.37,-21,157.5,139.06,27.44,36.44,-115.25,-166.56,-81.69
64,-77.87,-325.25,-242.37,67.87,1.44,21.31,98.37,-21.06,157.5,139.06,27.5,36.44,-115.25,-166.56,-81.69
65,-77.87,-325.25,-242.37,67.87,1.44,21.31,98.31,-21.06,157.56,139.12,27.5,36.44,-115.25,-166.62,-81.69
66,-77.87,-325.19,-242.37,67.81,1.44,21.37,98.37,-21.12,157.56,139.19,27.56,36.44,-115.31,-166.62,-81.69
67,-77.87,-325.19,-242.37,67.75,1.44,21.37,98.31,-21.19,157.56,139.19,27.62,36.44,-115.31,-166.69,-81.69
68,-77.81,-325.13,-242.37,67.75,1.5,21.37,98.19,-21.19,157.56,139.25,27.62,36.44,-115.37,-166.69,-81.75
69,-77.75,-325.06,-242.37,67.69,1.5,21.44,98.19,-21.25,157.56,139.31,27.62,36.5,-115.37,-166.75,-81.75
70,-77.75,-325,-242.37,67.69,1.5,21.44,98.19,-21.31,157.62,139.37,27.62,36.5,-115.37,-166.81,-81.75
71,-77.75,-324.94,-242.31,67.69,1.5,21.5,98.12,-21.37,157.62,139.37,27.62,36.5,-115.37,-166.81,-81.75
72,-77.75,-324.94,-242.37,67.62,1.5,21.5,98.12,-21.37,157.62,139.44,27.69,36.5,-115.44,-166.81,-81.75
73,-77.75,-324.88,-242.37,67.62,1.56,21.5,98.12,-21.44,157.62,139.44,27.69,36.5,-115.44,-166.88,-81.81
74,-77.75,-324.88,-242.31,67.56,1.5,21.56,98.12,-21.5,157.69,139.5,27.69,36.5,-115.44,-166.94,-81.81
75,-77.75,-324.81,-242.31,67.56,1.5,21.56,98.12,-21.5,157.69,139.5,27.75,36.5,-115.5,-166.94,-81.87
76,-77.75,-324.81,-242.37,67.56,1.5,21.56,98.06,-21.56,157.69,139.5,27.69,36.5,-115.5,-167,-81.87
77,-77.75,-324.81,-242.37,67.5,1.5,21.56,98.12,-21.56,157.69,139.56,27.75,36.56,-115.5,-167,-81.87
78,-77.69,-324.75,-242.37,67.5,1.5,21.62,98.06,-21.62,157.75,139.56,27.75,36.56,-115.5,-167.06,-81.94
79,-77.75,-324.75,-242.37,67.44,1.56,21.62,98,-21.62,157.75,139.62,27.75,36.56,-115.5,-167.06,-81.94
80,-77.75,-324.75,-242.31,67.5,1.5,21.69,98,-21.69,157.75,139.62,27.75,36.5,-115.5,-167.13,-81.94
