Time [s],V3-5,V4-6,V5-7,V6-8,V7-9,V8-10,V9-11,V10-12,V11-13,V12-14,V13-15,V14-16,V15-17,V16-18,V17-18
1,-79.94,-327.19,-288.62,71.5,38.63,13.5,102,-22.5,170,150.5,32.75,65.5,-113.5,-204.06,-100.69
2,-79.94,-327.19,-288.62,71.5,38.63,13.44,101.94,-22.56,170,150.56,32.75,65.5,-113.5,-204.13,-100.75
3,-79.87,-327.13,-288.69,71.44,38.63,13.5,102,-22.56,170,150.56,32.75,65.5,-113.5,-204.13,-100.75
4,-79.87,-327.06,-288.62,71.44,38.63,13.5,101.94,-22.62,170,150.62,32.75,65.5,-113.5,-204.19,-100.81
5,-79.87,-327.13,-288.62,71.44,38.63,13.5,102,-22.62,170.06,150.69,32.75,65.44,-113.5,-204.25,-100.87
6,-79.94,-327.13,-288.62,71.44,38.63,13.5,102,-22.62,170.06,150.69,32.69,65.44,-113.5,-204.25,-100.94
7,-79.87,-327.13,-288.69,71.37,38.63,13.5,101.94,-22.69,170.06,150.75,32.75,65.44,-113.5,-204.31,-100.94
8,-79.87,-327.13,-288.69,71.37,38.63,13.56,102,-22.69,170.06,150.75,32.75,65.44,-113.44,-204.31,-101
9,-79.94,-327.13,-288.69,71.37,38.63,13.56,102,-22.69,170.12,150.81,32.69,65.44,-113.5,-204.31,-101
10,-79.94,-327.13,-288.69,71.31,38.63,13.56,102,-22.75,170.12,150.81,32.69,65.44,-113.44,-204.44,-101.06
11,-79.94,-327.13,-288.75,71.31,38.56,13.56,101.94,-22.75,170.19,150.81,32.69,65.44,-113.44,-204.44,-101.12
12,-79.94,-327.13,-288.75,71.37,38.56,13.62,102,-22.81,170.19,150.87,32.69,65.5,-113.44,-204.44,-101.19
13,-79.94,-327.13,-288.75,71.31,38.56,13.62,101.94,-22.81,170.19,150.87,32.63,65.44,-113.44,-204.5,-101.25
14,-79.94,-327.13,-288.75,71.31,38.56,13.56,102,-22.81,170.25,150.87,32.69,65.44,-113.44,-204.5,-101.25
15,-79.94,-327.13,-288.75,71.31,38.56,13.62,102,-22.81,170.25,150.94,32.63,65.44,-113.44,-204.56,-101.31
16,-79.94,-327.13,-288.75,71.25,38.56,13.62,102,-22.81,170.25,150.94,32.69,65.44,-113.44,-204.56,-101.31
17,-79.94,-327.13,-288.75,71.31,38.56,13.62,102,-22.87,170.25,151,32.63,65.44,-113.44,-204.63,-101.38
18,-79.94,-327.13,-288.75,71.31,38.56,13.69,102,-22.87,170.31,150.94,32.69,65.44,-113.44,-204.69,-101.44
19,-79.94,-327.13,-288.75,71.25,38.56,13.69,102,-22.87,170.25,151,32.63,65.5,-113.44,-204.69,-101.5
20,-80,-327.13,-288.81,71.25,38.56,13.69,102,-22.87,170.31,151,32.63,65.44,-113.44,-204.69,-101.5
21,-76.37,-322.19,-284.56,73.5,34.94,11.56,102,-20.75,169.31,142.94,28.56,68.87,-109.19,-201.19,-96.75
22,-76.94,-322.63,-284.75,72.94,34.25,12.06,102.44,-20.94,169.81,143.5,28.62,69.25,-109.44,-201.19,-96.06
23,-77.62,-323,-284.94,72.5,33.81,12.44,102.81,-21.19,170.19,144,28.75,69.56,-109.69,-201.25,-95.62
24,-78.19,-323.38,-285.19,72.19,33.5,12.81,103.06,-21.5,170.38,144.5,29,69.94,-110.06,-201.62,-95.5
25,-78.62,-323.69,-285.38,71.94,33.31,13,103.31,-21.69,170.56,144.94,29.31,70.25,-110.44,-202.06,-95.5
26,-79.06,-324,-285.63,71.81,33.19,13.19,103.5,-22.06,170.69,145.31,29.63,70.5,-110.88,-202.5,-95.62
27,-79.44,-324.31,-285.75,71.69,33.13,13.31,103.62,-22.31,170.69,145.56,30,70.69,-111.25,-202.5,-95.38
28,-79.81,-324.56,-285.88,71.62,33.06,13.38,103.81,-22.37,170.75,145.87,30.37,70.87,-111.62,-202.87,-95.5
29,-80.12,-324.75,-285.94,71.56,33,13.44,103.94,-22.5,170.81,146.13,30.75,71.12,-111.94,-203.25,-95.69
30,-80.38,-324.94,-286,71.56,32.94,13.5,104.12,-22.69,170.75,146.37,31.06,71.31,-112.31,-203.56,-95.81
31,-80.56,-325.13,-286.12,71.5,32.94,13.56,104.25,-22.87,170.81,146.56,31.37,71.5,-112.62,-203.94,-96.06
32,-80.75,-325.31,-286.19,71.5,32.94,13.62,104.44,-23,170.81,146.75,31.69,71.69,-112.88,-204.31,-96.31
33,-80.87,-325.5,-286.31,71.44,32.88,13.69,104.56,-23.12,170.81,146.94,31.94,71.81,-113.19,-204.75,-96.63
34,-81,-325.69,-286.44,71.44,32.81,13.75,104.75,-23.25,170.81,147.06,32.19,71.87,-113.5,-205.19,-96.94
35,-81.06,-325.81,-286.5,71.44,32.81,13.81,104.87,-23.38,170.87,147.19,32.44,72,-113.75,-205.5,-97.25
36,-81.25,-325.94,-286.56,71.44,32.75,13.88,105,-23.56,170.94,147.37,32.69,72.06,-114,-205.87,-97.5
37,-81.37,-326.06,-286.69,71.44,32.75,13.94,105.12,-23.62,171,147.5,32.88,72.12,-114.25,-206.19,-97.81
38,-81.5,-326.19,-286.75,71.37,32.63,14,105.25,-23.69,171,147.62,33.13,72.25,-114.5,-206.5,-98.06
39,-81.63,-326.31,-286.87,71.37,32.63,14,105.31,-23.81,171.06,147.69,33.31,72.31,-114.69,-206.81,-98.31
40,-81.75,-326.44,-286.94,71.31,32.63,14,105.44,-23.87,171.13,147.81,33.5,72.37,-114.88,-207.12,-98.56
41,-81.94,-326.5,-287,71.31,32.56,14.13,105.5,-24,171.13,147.87,33.63,72.44,-115.06,-207.37,-98.81
42,-82,-326.62,-287.06,71.25,32.56,14.13,105.63,-24,171.19,147.94,33.81,72.5,-115.25,-207.62,-99.06
43,-82.12,-326.75,-287.12,71.25,32.63,14.13,105.69,-24.06,171.19,148,33.94,72.56,-115.44,-207.87,-99.31
44,-82.19,-326.88,-287.19,71.19,32.56,14.19,105.75,-24.12,171.25,148,34.06,72.62,-115.56,-208.13,-99.5
45,-82.25,-326.94,-287.25,71.19,32.56,14.25,105.87,-24.19,171.25,147.94,34.19,72.75,-115.69,-208.31,-99.69
46,-82.25,-327,-287.25,71.19,32.5,14.31,105.94,-24.19,171.25,147.94,34.31,72.81,-115.81,-208.5,-99.87
47,-82.31,-327.13,-287.31,71.12,32.5,14.31,106,-24.25,171.25,147.94,34.44,72.94,-115.94,-208.75,-100.06
48,-82.37,-327.19,-287.38,71.12,32.5,14.38,106.06,-24.25,171.31,147.87,34.5,73,-116.06,-208.94,-100.31
49,-82.5,-327.25,-287.44,71.12,32.5,14.38,106.19,-24.25,171.31,147.87,34.63,73.06,-116.19,-209.06,-100.44
50,-82.5,-327.31,-287.44,71.12,32.5,14.38,106.19,-24.31,171.31,147.81,34.69,73.12,-116.25,-209.25,-100.62
51,-82.5,-327.31,-287.5,71.12,32.44,14.44,106.25,-24.31,171.31,147.87,34.81,73.19,-116.37,-209.37,-100.75
52,-82.5,-327.31,-287.56,71.12,32.44,14.44,106.31,-24.37,171.31,147.81,34.88,73.25,-116.44,-209.56,-100.94
53,-82.56,-327.31,-287.56,71.12,32.5,14.44,106.37,-24.44,171.31,147.81,34.88,73.31,-116.5,-209.69,-101.06
54,-82.56,-327.31,-287.63,71.12,32.44,14.44,106.44,-24.44,171.31,147.75,34.94,73.31,-116.56,-209.81,-101.19
55,-82.56,-327.31,-287.63,71.12,32.44,14.44,106.44,-24.44,171.31,147.81,35,73.37,-116.62,-209.94,-101.31
56,-82.62,-327.31,-287.69,71.12,32.5,14.44,106.5,-24.5,171.25,147.81,35.13,73.44,-116.69,-210.06,-101.44
57,-82.62,-327.31,-287.75,71.12,32.5,14.44,106.5,-24.5,171.25,147.81,35.13,73.44,-116.75,-210.19,-101.56
58,-82.62,-327.31,-287.75,71.12,32.5,14.44,106.56,-24.5,171.25,147.87,35.19,73.44,-116.81,-210.31,-101.62
59,-82.69,-327.31,-287.75,71.12,32.5,14.44,106.56,-24.56,171.25,147.87,35.19,73.5,-116.88,-210.38,-101.75
60,-82.69,-327.31,-287.81,71.12,32.56,14.44,106.63,-24.56,171.25,147.87,35.25,73.5,-116.88,-210.5,-101.81
61,-82.69,-327.31,-287.81,71.19,32.56,14.44,106.63,-24.63,171.25,147.87,35.31,73.56,-116.94,-210.63,-101.94
62,-82.75,-327.31,-287.88,71.19,32.56,14.44,106.63,-24.63,171.25,147.94,35.38,73.62,-117,-210.69,-102.06
63,-82.81,-327.31,-287.88,71.19,32.63,14.44,106.69,-24.63,171.25,147.94,35.38,73.62,-117.06,-210.81,-102.12
64,-82.88,-327.38,-287.94,71.19,32.63,14.44,106.69,-24.63,171.25,148,35.38,73.62,-117.06,-210.88,-102.19
65,-82.88,-327.38,-288,71.19,32.63,14.44,106.69,-24.69,171.25,148,35.38,73.62,-117.13,-211,-102.31
66,-82.88,-327.38,-288,71.19,32.63,14.44,106.69,-24.69,171.25,148.06,35.5,73.62,-117.19,-211.12,-102.38
67,-82.81,-327.38,-288,71.19,32.69,14.44,106.75,-24.75,171.25,148.06,35.5,73.69,-117.25,-211.19,-102.44
68,-82.81,-327.38,-288,71.19,32.69,14.44,106.75,-24.75,171.19,148.13,35.56,73.69,-117.25,-211.31,-102.5
69,-82.75,-327.38,-288.06,71.19,32.75,14.44,106.75,-24.75,171.25,148.19,35.56,73.69,-117.25,-211.37,-102.62
70,-82.75,-327.31,-288.06,71.19,32.75,14.44,106.75,-24.81,171.19,148.19,35.56,73.69,-117.31,-211.5,-102.69
71,-82.75,-327.31,-288.06,71.19,32.75,14.44,106.81,-24.81,171.19,148.25,35.56,73.69,-117.31,-211.56,-102.75
72,-82.75,-327.31,-288.06,71.19,32.75,14.44,106.81,-24.81,171.19,148.31,35.63,73.75,-117.31,-211.69,-102.81
73,-82.81,-327.31,-288.12,71.19,32.75,14.44,106.81,-24.81,171.25,148.31,35.56,73.75,-117.37,-211.75,-102.87
74,-82.81,-327.31,-288.12,71.19,32.81,14.44,106.81,-24.87,171.25,148.38,35.63,73.69,-117.37,-211.87,-102.94
75,-82.81,-327.31,-288.19,71.19,32.81,14.44,106.81,-24.87,171.25,148.5,35.63,73.69,-117.44,-211.94,-103
76,-82.81,-327.31,-288.19,71.19,32.81,14.44,106.81,-24.87,171.25,148.5,35.69,73.69,-117.44,-212,-103.06
77,-82.81,-327.31,-288.19,71.19,32.88,14.44,106.81,-24.94,171.19,148.56,35.63,73.62,-117.5,-212.06,-103.12
78,-82.81,-327.38,-288.25,71.19,32.88,14.44,106.81,-24.94,171.25,148.62,35.69,73.62,-117.5,-212.12,-103.19
79,-82.88,-327.38,-288.25,71.19,32.88,14.44,106.81,-24.94,171.25,148.69,35.69,73.56,-117.5,-212.25,-103.31
80,-82.81,-327.31,-288.31,71.19,32.94,14.44,106.81,-24.94,171.25,148.75,35.69,73.56,-117.56,-212.31,-103.31
