Time [s],V3-5,V4-6,V5-7,V6-8,V7-9,V8-10,V9-11,V10-12,V11-13,V12-14,V13-15,V14-16,V15-17,V16-18,V17-18
1,-78.87,-327.69,-287,72.31,36.75,14.06,102.62,-22.75,168.56,149.81,31.62,61.75,-113.25,-202.81,-102.56
2,-78.87,-327.69,-287,72.31,36.75,14.13,102.62,-22.75,168.62,149.81,31.62,61.75,-113.19,-202.87,-102.62
3,-78.87,-327.69,-287,72.31,36.75,14.13,102.62,-22.75,168.62,149.87,31.62,61.75,-113.19,-202.87,-102.62
4,-78.87,-327.69,-287,72.25,36.75,14.06,102.62,-22.75,168.62,149.87,31.62,61.75,-113.19,-202.87,-102.69
5,-78.87,-327.69,-287,72.31,36.75,14.13,102.62,-22.81,168.62,149.94,31.62,61.75,-113.19,-202.87,-102.69
6,-78.87,-327.69,-287.06,72.25,36.75,14.13,102.62,-22.81,168.69,149.94,31.62,61.75,-113.19,-202.94,-102.75
7,-78.81,-327.69,-287.06,72.25,36.75,14.13,102.62,-22.81,168.69,149.94,31.62,61.75,-113.19,-202.94,-102.75
8,-78.81,-327.69,-287.06,72.25,36.75,14.13,102.62,-22.87,168.69,149.94,31.62,61.75,-113.19,-202.94,-102.81
9,-78.81,-327.69,-287,72.25,36.75,14.19,102.62,-22.87,168.69,149.94,31.62,61.75,-113.19,-203,-102.81
10,-78.81,-327.69,-287,72.19,36.75,14.19,102.62,-22.87,168.69,150,31.62,61.75,-113.19,-203,-102.87
11,-78.81,-327.62,-287.06,72.25,36.75,14.13,102.62,-22.87,168.69,150,31.62,61.75,-113.12,-203.06,-102.87
12,-78.75,-327.62,-287.06,72.19,36.75,14.19,102.62,-22.87,168.75,150,31.62,61.75,-113.12,-203.06,-102.94
13,-78.75,-327.62,-287.06,72.19,36.75,14.13,102.62,-22.94,168.75,150.06,31.62,61.75,-113.12,-203.06,-102.94
14,-78.75,-327.62,-287.06,72.19,36.75,14.19,102.62,-22.87,168.75,150.06,31.62,61.75,-113.12,-203.06,-103
15,-78.75,-327.62,-287.06,72.19,36.75,14.25,102.62,-22.94,168.75,150.06,31.62,61.81,-113.06,-203.12,-103
16,-78.75,-327.62,-287.06,72.19,36.75,14.19,102.62,-22.94,168.75,150.06,31.62,61.75,-113.06,-203.12,-103.06
17,-78.75,-327.62,-287.06,72.19,36.75,14.19,102.62,-22.94,168.75,150.12,31.56,61.75,-113.06,-203.12,-103.06
18,-78.75,-327.62,-287,72.12,36.75,14.19,102.62,-23,168.81,150.12,31.56,61.81,-113.06,-203.19,-103.06
19,-78.81,-327.62,-287.06,72.12,36.75,14.19,102.62,-23,168.81,150.12,31.56,61.81,-113.06,-203.19,-103.12
20,-78.81,-327.62,-287.06,72.12,36.75,14.19,102.62,-23,168.81,150.19,31.56,61.75,-113.06,-203.25,-103.19
21,-75.62,-322.44,-281.75,73.69,34,12,102.25,-25.06,168.13,148.69,28.62,65.19,-109.87,-204.06,-101.06
22,-76.56,-322.94,-282.19,73.19,33.25,12.5,102.69,-25.31,168.81,149.06,28.56,65.44,-110,-203.94,-100.75
23,-77.44,-323.44,-282.56,72.81,32.81,12.88,103,-25.5,169.19,149.38,28.62,65.69,-110.12,-204.13,-100.69
24,-78.19,-323.81,-282.81,72.5,32.56,13.25,103.25,-25.69,169.5,149.56,28.81,65.87,-110.37,-204.31,-100.69
25,-78.81,-324.19,-283.13,72.31,32.44,13.62,103.44,-25.81,169.62,149.69,29,66.06,-110.63,-204.5,-100.81
26,-79.25,-324.56,-283.44,72.12,32.31,13.88,103.56,-25.94,169.69,149.75,29.37,66.31,-110.94,-204.81,-100.94
27,-79.5,-324.88,-283.69,72,32.25,14.06,103.62,-26,169.75,149.81,29.75,66.5,-111.37,-205.06,-101
28,-79.75,-325.19,-283.94,71.87,32.19,14.25,103.75,-26.06,169.87,149.87,30.06,66.69,-111.81,-205.31,-101.06
29,-80,-325.44,-284.13,71.81,32.13,14.44,104,-26.12,169.94,149.94,30.37,66.81,-112.12,-205.56,-101.19
30,-80.25,-325.69,-284.25,71.75,32,14.56,104.25,-26.19,170,150,30.69,67,-112.5,-205.81,-101.25
31,-80.38,-325.94,-284.44,71.75,31.81,14.63,104.5,-26.25,170,150.06,30.94,67.12,-112.81,-206.06,-101.44
32,-80.5,-326.12,-284.56,71.69,31.69,14.75,104.75,-26.31,170.06,150.06,31.25,67.25,-113.12,-206.25,-101.62
33,-80.62,-326.25,-284.69,71.62,31.56,14.81,104.94,-26.37,170,150.06,31.44,67.31,-113.37,-206.44,-101.75
34,-80.69,-326.44,-284.81,71.62,31.44,14.94,105.19,-26.44,170,150.12,31.69,67.44,-113.62,-206.63,-101.94
35,-80.75,-326.62,-284.94,71.62,31.31,15,105.37,-26.5,170.06,150.12,31.94,67.5,-113.88,-206.87,-102.12
36,-80.87,-326.81,-285.06,71.62,31.25,15.06,105.56,-26.5,170.06,150.19,32.13,67.56,-114.12,-207.06,-102.25
37,-80.94,-326.94,-285.19,71.56,31.19,15.13,105.75,-26.56,170.06,150.19,32.38,67.62,-114.31,-207.25,-102.44
38,-81,-327.06,-285.25,71.62,31.06,15.13,105.87,-26.56,170.06,150.25,32.5,67.69,-114.56,-207.44,-102.62
39,-81.06,-327.19,-285.38,71.62,31,15.13,106,-26.62,170.06,150.25,32.69,67.75,-114.69,-207.62,-102.75
40,-81.12,-327.25,-285.5,71.62,30.94,15.19,106.19,-26.62,170.12,150.25,32.81,67.81,-114.88,-207.81,-102.87
41,-81.25,-327.38,-285.56,71.62,30.88,15.19,106.25,-26.69,170.12,150.31,32.94,67.87,-115.06,-207.94,-103.06
42,-81.31,-327.44,-285.63,71.62,30.88,15.25,106.37,-26.69,170.12,150.31,33.13,67.87,-115.19,-208.13,-103.12
43,-81.37,-327.56,-285.75,71.62,30.81,15.25,106.5,-26.69,170.12,150.38,33.25,67.94,-115.37,-208.25,-103.25
44,-81.5,-327.62,-285.75,71.62,30.81,15.25,106.56,-26.69,170.12,150.38,33.31,68,-115.5,-208.44,-103.44
45,-81.56,-327.75,-285.88,71.69,30.81,15.25,106.56,-26.75,170.19,150.44,33.44,68,-115.56,-208.56,-103.5
46,-81.63,-327.81,-285.94,71.69,30.75,15.25,106.69,-26.75,170.19,150.44,33.56,68.06,-115.69,-208.69,-103.69
47,-81.69,-327.87,-285.94,71.75,30.81,15.25,106.75,-26.75,170.19,150.5,33.63,68.06,-115.81,-208.81,-103.75
48,-81.75,-327.94,-286,71.69,30.75,15.25,106.81,-26.75,170.19,150.5,33.75,68.06,-115.94,-208.94,-103.87
49,-81.75,-328,-286.06,71.69,30.75,15.31,106.87,-26.75,170.19,150.56,33.75,68.06,-116,-209.12,-104
50,-81.75,-328.06,-286.12,71.75,30.75,15.31,106.94,-26.75,170.12,150.56,33.88,68.12,-116.12,-209.25,-104.06
51,-81.75,-328.06,-286.12,71.75,30.75,15.25,106.94,-26.75,170.12,150.56,33.94,68.12,-116.19,-209.31,-104.19
52,-81.81,-328.06,-286.19,71.75,30.81,15.25,107,-26.75,170.12,150.56,34,68.19,-116.25,-209.44,-104.25
53,-81.87,-328.12,-286.25,71.81,30.81,15.25,107.06,-26.81,170.12,150.62,34.06,68.12,-116.37,-209.62,-104.38
54,-81.87,-328.12,-286.25,71.81,30.81,15.25,107.12,-26.75,170.12,150.56,34.13,68.19,-116.37,-209.69,-104.44
55,-81.87,-328.12,-286.25,71.87,30.81,15.25,107.12,-26.81,170.12,150.56,34.13,68.25,-116.5,-209.81,-104.56
56,-81.81,-328.12,-286.31,71.87,30.81,15.25,107.19,-26.75,170.12,150.56,34.19,68.25,-116.5,-209.94,-104.69
57,-81.81,-328.12,-286.37,71.87,30.88,15.25,107.19,-26.81,170.06,150.56,34.25,68.31,-116.56,-210,-104.75
58,-81.87,-328.12,-286.37,71.87,30.88,15.19,107.25,-26.81,170.06,150.56,34.31,68.37,-116.62,-210.13,-104.81
59,-81.87,-328.06,-286.44,71.94,30.88,15.19,107.25,-26.81,170.06,150.56,34.31,68.44,-116.69,-210.25,-104.94
60,-81.87,-328.12,-286.44,71.94,30.88,15.19,107.25,-26.75,170.06,150.5,34.31,68.5,-116.69,-210.38,-105.06
61,-81.87,-328.06,-286.5,71.94,30.88,15.13,107.25,-26.75,170.06,150.5,34.38,68.56,-116.75,-210.5,-105.12
62,-81.94,-328.12,-286.5,71.94,30.88,15.13,107.31,-26.81,170.06,150.5,34.38,68.56,-116.75,-210.56,-105.19
63,-82,-328.12,-286.56,71.94,30.94,15.13,107.31,-26.81,170.12,150.5,34.44,68.62,-116.81,-210.69,-105.31
64,-82,-328.12,-286.56,72,30.94,15.13,107.31,-26.81,170.12,150.5,34.44,68.62,-116.88,-210.75,-105.37
65,-82,-328.19,-286.62,72,31,15.13,107.31,-26.81,170.12,150.5,34.44,68.62,-116.88,-210.81,-105.44
66,-82,-328.25,-286.62,72,31,15.13,107.37,-26.75,170.12,150.56,34.5,68.62,-116.94,-210.94,-105.5
67,-82.06,-328.25,-286.69,72,31,15.13,107.31,-26.75,170.12,150.56,34.5,68.62,-117,-210.94,-105.56
68,-82.06,-328.31,-286.69,72,31,15.06,107.37,-26.75,170.12,150.56,34.56,68.62,-117.06,-211.06,-105.63
69,-82.06,-328.31,-286.75,72,31.06,15.06,107.37,-26.81,170.12,150.56,34.56,68.62,-117.06,-211.06,-105.69
70,-82.06,-328.31,-286.75,72.06,31.06,15.06,107.37,-26.81,170.12,150.62,34.56,68.62,-117.13,-211.19,-105.75
71,-82,-328.37,-286.75,72.06,31.06,15.06,107.37,-26.81,170.12,150.62,34.56,68.62,-117.13,-211.19,-105.81
72,-82.06,-328.31,-286.81,72.06,31.12,15,107.44,-26.75,170.12,150.56,34.56,68.69,-117.19,-211.25,-105.87
73,-82.06,-328.37,-286.81,72.12,31.12,15,107.44,-26.75,170.12,150.62,34.56,68.69,-117.19,-211.31,-105.87
74,-82.06,-328.37,-286.81,72.06,31.12,15,107.44,-26.75,170.12,150.62,34.63,68.75,-117.19,-211.37,-105.94
75,-82.06,-328.37,-286.87,72.06,31.19,15,107.44,-26.75,170.12,150.56,34.63,68.75,-117.25,-211.44,-105.94
76,-82,-328.44,-286.94,72.12,31.19,15,107.44,-26.75,170.12,150.62,34.63,68.75,-117.25,-211.44,-106
77,-82,-328.37,-286.94,72.12,31.19,14.94,107.44,-26.75,170.12,150.62,34.63,68.75,-117.31,-211.5,-106.06
78,-82,-328.44,-286.94,72.12,31.19,14.94,107.44,-26.75,170.12,150.62,34.63,68.75,-117.31,-211.5,-106.06
79,-82,-328.44,-286.94,72.12,31.25,14.87,107.44,-26.75,170.19,150.62,34.63,68.75,-117.31,-211.56,-106.12
80,-82.06,-328.44,-287,72.12,31.19,14.87,107.44,-26.75,170.12,150.62,34.63,68.81,-117.37,-211.62,-106.12
