Time [s],V3-5,V4-6,V5-7,V6-8,V7-9,V8-10,V9-11,V10-12,V11-13,V12-14,V13-15,V14-16,V15-17,V16-18,V17-18
1,-77.5,-329.5,-281.31,72.75,29.87,16.19,102.94,-24.06,167.56,149.19,30.94,54.94,-115.31,-191.44,-95.44
2,-77.5,-329.5,-281.31,72.75,29.87,16.25,102.94,-24.06,167.62,149.19,30.94,54.94,-115.25,-191.5,-95.44
3,-77.5,-329.5,-281.31,72.75,29.87,16.25,102.94,-24.12,167.62,149.25,30.94,54.94,-115.25,-191.56,-95.5
4,-77.5,-329.5,-281.31,72.69,29.87,16.25,103,-24.12,167.69,149.25,30.94,54.94,-115.25,-191.62,-95.56
5,-77.5,-329.5,-281.31,72.69,29.87,16.25,102.94,-24.19,167.69,149.31,30.94,54.94,-115.25,-191.62,-95.62
6,-77.5,-329.44,-281.38,72.69,29.87,16.31,102.94,-24.19,167.69,149.31,30.94,54.94,-115.25,-191.69,-95.69
7,-77.44,-329.5,-281.38,72.62,29.87,16.37,103,-24.19,167.69,149.31,30.94,54.94,-115.19,-191.75,-95.75
8,-77.44,-329.44,-281.38,72.62,29.87,16.37,103,-24.25,167.69,149.38,30.94,54.94,-115.19,-191.75,-95.81
9,-77.37,-329.44,-281.38,72.62,29.87,16.37,103,-24.25,167.69,149.38,30.94,54.94,-115.19,-191.81,-95.87
10,-77.44,-329.44,-281.38,72.62,29.87,16.37,103,-24.31,167.75,149.44,30.94,54.94,-115.19,-191.88,-95.94
11,-77.44,-329.44,-281.38,72.56,29.87,16.44,103,-24.31,167.75,149.44,30.88,54.94,-115.19,-191.94,-96
12,-77.44,-329.44,-281.44,72.56,29.87,16.44,103,-24.31,167.75,149.44,30.88,54.94,-115.19,-191.94,-96.06
13,-77.44,-329.44,-281.44,72.5,29.87,16.44,103,-24.37,167.75,149.5,30.88,54.88,-115.12,-192,-96.12
14,-77.37,-329.44,-281.38,72.5,29.87,16.44,103,-24.31,167.75,149.5,30.88,54.94,-115.12,-192.06,-96.19
15,-77.37,-329.44,-281.44,72.5,29.87,16.44,103,-24.37,167.75,149.56,30.88,54.88,-115.12,-192.06,-96.25
16,-77.37,-329.44,-281.44,72.5,29.87,16.5,103,-24.37,167.81,149.56,30.88,54.88,-115.12,-192.13,-96.25
17,-77.37,-329.44,-281.44,72.5,29.87,16.5,103,-24.44,167.81,149.56,30.88,54.94,-115.12,-192.19,-96.31
18,-77.37,-329.38,-281.44,72.5,29.87,16.5,103,-24.44,167.81,149.56,30.88,54.94,-115.06,-192.19,-96.37
19,-77.37,-329.44,-281.44,72.44,29.87,16.5,103,-24.44,167.81,149.56,30.88,54.88,-115.06,-192.25,-96.44
20,-77.37,-329.38,-281.44,72.44,29.87,16.56,103,-24.5,167.81,149.62,30.81,54.94,-115.06,-192.31,-96.5
21,-72.37,-320.81,-274,77.19,28.81,12.31,102.31,-22.87,163.56,140.81,27.13,60.12,-110.06,-190.38,-91.44
22,-73.37,-321.31,-274.25,75.75,27.94,13.44,102.5,-23.38,164.19,141.5,26.81,60.25,-109.69,-189.37,-90.25
23,-74.25,-321.69,-274.56,74.81,27.19,14.06,102.81,-23.56,164.56,141.94,26.62,60.38,-109.56,-188.87,-89.56
24,-75,-322.19,-274.88,74.19,26.69,14.63,103.12,-23.87,164.75,142.31,26.56,60.56,-109.56,-188.75,-89.31
25,-75.5,-322.5,-275.25,73.75,26.37,15.19,103.44,-24.31,164.88,142.69,26.69,60.69,-109.63,-188.75,-89.19
26,-76,-322.88,-275.5,73.44,26.06,15.44,103.75,-24.5,165,142.94,26.81,60.81,-109.75,-188.81,-89.25
27,-76.44,-323.19,-275.81,73.12,25.81,15.69,104,-24.69,165,143.19,27.06,60.94,-110,-188.94,-89.19
28,-76.81,-323.56,-276,72.87,25.69,16.12,104.12,-25.06,165.06,143.31,27.25,61.06,-110.19,-189.13,-89.44
29,-77.19,-323.87,-276.19,72.69,25.56,16.37,104.25,-25.25,165.12,143.5,27.56,61.19,-110.44,-189.37,-89.69
30,-77.62,-324.12,-276.37,72.62,25.5,16.44,104.38,-25.44,165.19,143.62,27.75,61.31,-110.69,-189.69,-90
31,-78,-324.37,-276.5,72.5,25.5,16.56,104.56,-25.56,165.25,143.81,28.06,61.44,-111,-189.94,-90.25
32,-78.25,-324.62,-276.69,72.62,25.44,16.5,104.63,-25.69,165.31,143.87,28.31,61.56,-111.31,-190.25,-90.69
33,-78.5,-324.88,-276.88,72.62,25.37,16.56,104.81,-25.81,165.44,143.94,28.62,61.69,-111.62,-190.69,-91.12
34,-78.62,-325.13,-277.06,72.56,25.37,16.62,104.94,-25.94,165.56,144,28.87,61.81,-111.94,-191.12,-91.56
35,-78.75,-325.38,-277.25,72.5,25.31,16.69,105.12,-26.06,165.62,144.13,29.12,61.94,-112.31,-191.5,-91.94
36,-78.94,-325.56,-277.44,72.37,25.31,16.81,105.25,-26.19,165.75,144.19,29.37,62,-112.62,-191.81,-92.37
37,-79,-325.75,-277.62,72.37,25.31,16.87,105.31,-26.25,165.88,144.31,29.63,62.06,-113,-192.13,-92.69
38,-79.06,-326,-277.81,72.37,25.25,16.81,105.44,-26.37,165.94,144.37,29.87,62.13,-113.31,-192.44,-93.06
39,-79.12,-326.19,-277.94,72.37,25.25,16.87,105.56,-26.44,166.06,144.5,30.12,62.13,-113.62,-192.56,-93.25
40,-79.19,-326.37,-278.06,72.31,25.19,16.94,105.69,-26.56,166.12,144.62,30.37,62.13,-113.94,-192.81,-93.5
41,-79.25,-326.56,-278.19,72.25,25.19,17.06,105.75,-26.62,166.25,144.75,30.56,62.19,-114.19,-192.87,-93.62
42,-79.44,-326.69,-278.37,72.31,25.19,17,105.81,-26.75,166.37,144.87,30.75,62.13,-114.5,-192.87,-93.62
43,-79.5,-326.81,-278.5,72.25,25.12,17.06,105.81,-26.81,166.5,145,30.94,62.13,-114.69,-192.87,-93.62
44,-79.56,-326.88,-278.56,72.25,25.12,17.19,105.87,-26.81,166.62,145.06,31.12,62.13,-114.94,-193.06,-93.81
45,-79.56,-326.94,-278.69,72.19,25.12,17.19,105.94,-26.94,166.75,145.19,31.25,62.13,-115.19,-193.31,-94.06
46,-79.56,-326.94,-278.81,72.12,25.06,17.25,106,-27,166.81,145.25,31.44,62.13,-115.37,-193.5,-94.31
47,-79.56,-327,-278.88,72.12,25.06,17.31,106.06,-27.06,166.94,145.31,31.56,62.13,-115.56,-193.69,-94.5
48,-79.62,-327,-279,72.06,25,17.37,106.12,-27.06,167,145.44,31.69,62.13,-115.75,-193.87,-94.75
49,-79.62,-327,-279.06,72.06,24.94,17.5,106.25,-27.25,167.13,145.5,31.81,62.13,-115.88,-194.06,-94.94
50,-79.69,-327.06,-279.13,72.06,24.87,17.56,106.31,-27.31,167.13,145.56,31.87,62.06,-116.06,-194.19,-95.06
51,-79.75,-327.06,-279.19,72,24.87,17.56,106.44,-27.31,167.19,145.62,32,62.06,-116.19,-194.44,-95.25
52,-79.81,-327.06,-279.25,72,24.81,17.56,106.5,-27.31,167.25,145.75,32.13,62.06,-116.37,-194.56,-95.44
53,-79.94,-327.06,-279.38,72,24.81,17.56,106.56,-27.37,167.31,145.75,32.25,62.13,-116.5,-194.69,-95.56
54,-80,-327.06,-279.44,72,24.75,17.56,106.69,-27.37,167.37,145.81,32.31,62.13,-116.62,-194.87,-95.75
55,-80.06,-327.06,-279.5,72,24.69,17.62,106.81,-27.44,167.37,145.87,32.44,62.13,-116.75,-195,-95.87
56,-80,-327.06,-279.56,71.94,24.69,17.56,106.87,-27.44,167.37,145.94,32.5,62.13,-116.88,-195.12,-96
57,-80.06,-327.13,-279.63,71.94,24.63,17.62,106.94,-27.5,167.44,146,32.56,62.06,-116.94,-195.25,-96.12
58,-80.06,-327.13,-279.63,71.94,24.63,17.62,107,-27.5,167.44,146.13,32.63,62.06,-117.06,-195.44,-96.25
59,-80.12,-327.19,-279.69,71.94,24.63,17.62,107.06,-27.5,167.5,146.19,32.69,62.06,-117.13,-195.56,-96.37
60,-80.12,-327.25,-279.75,71.94,24.56,17.62,107.12,-27.5,167.5,146.25,32.75,62.06,-117.19,-195.69,-96.5
61,-80.19,-327.25,-279.81,71.94,24.56,17.62,107.19,-27.5,167.5,146.37,32.75,62,-117.25,-195.81,-96.56
62,-80.19,-327.31,-279.81,71.94,24.56,17.62,107.25,-27.56,167.5,146.44,32.81,62,-117.37,-195.94,-96.69
63,-80.25,-327.38,-279.87,71.87,24.56,17.62,107.31,-27.56,167.56,146.5,32.88,61.94,-117.44,-196,-96.75
64,-80.19,-327.44,-279.87,71.94,24.56,17.69,107.37,-27.56,167.56,146.62,32.94,61.94,-117.5,-196.12,-96.87
65,-80.25,-327.5,-279.94,71.87,24.56,17.62,107.37,-27.56,167.56,146.69,32.94,61.94,-117.56,-196.25,-96.94
66,-80.25,-327.56,-280,71.87,24.56,17.62,107.37,-27.62,167.56,146.75,33,61.88,-117.62,-196.31,-97.06
67,-80.25,-327.56,-280,71.87,24.56,17.62,107.44,-27.62,167.62,146.87,33,61.88,-117.69,-196.44,-97.12
68,-80.25,-327.69,-280,71.87,24.56,17.62,107.44,-27.62,167.62,146.94,33.06,61.81,-117.75,-196.5,-97.19
69,-80.25,-327.75,-280.06,71.94,24.56,17.62,107.5,-27.62,167.62,147,33.06,61.81,-117.75,-196.63,-97.25
70,-80.25,-327.81,-280.06,71.87,24.56,17.62,107.56,-27.62,167.62,147.06,33.06,61.81,-117.81,-196.69,-97.31
71,-80.19,-327.87,-280.12,71.87,24.56,17.62,107.56,-27.62,167.62,147.13,33.13,61.75,-117.87,-196.81,-97.37
72,-80.19,-327.94,-280.12,71.87,24.63,17.62,107.56,-27.62,167.62,147.19,33.13,61.75,-117.94,-196.87,-97.44
73,-80.19,-328.06,-280.19,71.87,24.63,17.62,107.63,-27.62,167.62,147.25,33.19,61.75,-117.94,-196.94,-97.56
74,-80.12,-328.12,-280.12,71.87,24.63,17.62,107.63,-27.62,167.69,147.31,33.19,61.75,-117.94,-197.06,-97.62
75,-80.12,-328.19,-280.19,71.87,24.63,17.56,107.63,-27.69,167.62,147.31,33.19,61.69,-118,-197.13,-97.62
76,-80.12,-328.31,-280.19,71.87,24.63,17.56,107.69,-27.62,167.69,147.37,33.25,61.69,-118,-197.19,-97.75
77,-80.19,-328.37,-280.25,71.87,24.63,17.56,107.69,-27.69,167.62,147.44,33.25,61.69,-118,-197.25,-97.75
78,-80.19,-328.44,-280.25,71.87,24.69,17.56,107.69,-27.69,167.62,147.5,33.25,61.69,-118.06,-197.37,-97.81
79,-80.19,-328.5,-280.31,71.94,24.63,17.56,107.69,-27.69,167.69,147.5,33.25,61.63,-118.13,-197.44,-97.88
80,-80.19,-328.56,-280.31,71.87,24.69,17.5,107.75,-27.69,167.62,147.56,33.25,61.69,-118.13,-197.5,-97.94
