Time [s],V3-5,V4-6,V5-7,V6-8,V7-9,V8-10,V9-11,V10-12,V11-13,V12-14,V13-15,V14-16,V15-17,V16-18,V17-18
1,-78.12,-329.44,-285.69,73.31,34.69,14.94,102.69,-23.06,169.5,149.44,30.62,60,-114.06,-199.06,-99.81
2,-78.06,-329.44,-285.69,73.31,34.69,14.94,102.69,-23.12,169.5,149.5,30.62,60,-114,-199.06,-99.81
3,-78.06,-329.44,-285.63,73.25,34.69,14.94,102.69,-23.12,169.5,149.5,30.56,60,-114,-199.12,-99.87
4,-78.06,-329.38,-285.63,73.25,34.69,15,102.69,-23.12,169.5,149.5,30.56,60.06,-114,-199.12,-99.94
5,-78.06,-329.38,-285.63,73.25,34.69,15,102.69,-23.12,169.44,149.5,30.56,60,-113.94,-199.12,-100
6,-78.06,-329.31,-285.63,73.25,34.63,15,102.69,-23.19,169.5,149.5,30.56,60,-113.94,-199.19,-100
7,-78.12,-329.31,-285.63,73.19,34.69,15.06,102.75,-23.19,169.5,149.5,30.56,60,-113.94,-199.25,-100.06
8,-78.12,-329.31,-285.63,73.19,34.69,15.06,102.75,-23.19,169.5,149.5,30.56,60.06,-113.94,-199.25,-100.12
9,-78.12,-329.31,-285.63,73.12,34.63,15.06,102.75,-23.25,169.5,149.5,30.56,60,-113.94,-199.25,-100.12
10,-78.06,-329.31,-285.63,73.19,34.69,15.06,102.69,-23.25,169.5,149.56,30.56,60.06,-113.94,-199.25,-100.19
11,-78.06,-329.25,-285.63,73.12,34.63,15.06,102.75,-23.25,169.5,149.56,30.56,60.06,-113.94,-199.31,-100.25
12,-78.06,-329.25,-285.63,73.12,34.63,15.06,102.75,-23.25,169.5,149.56,30.56,60.06,-113.94,-199.31,-100.31
13,-78.06,-329.25,-285.63,73.06,34.63,15.13,102.75,-23.25,169.5,149.56,30.56,60,-113.88,-199.38,-100.31
14,-78.06,-329.25,-285.69,73.06,34.69,15.13,102.75,-23.31,169.5,149.56,30.56,60,-113.88,-199.38,-100.31
15,-78.06,-329.25,-285.63,73.06,34.63,15.13,102.75,-23.31,169.5,149.56,30.56,60,-113.88,-199.44,-100.44
16,-78.06,-329.25,-285.63,73.06,34.63,15.13,102.75,-23.31,169.5,149.62,30.56,60,-113.88,-199.44,-100.44
17,-78.12,-329.25,-285.63,73.06,34.63,15.13,102.81,-23.31,169.5,149.62,30.56,60,-113.88,-199.44,-100.44
18,-78.12,-329.25,-285.69,73,34.63,15.19,102.81,-23.38,169.5,149.62,30.56,60,-113.88,-199.5,-100.5
19,-78.12,-329.25,-285.69,73,34.63,15.19,102.81,-23.38,169.56,149.62,30.56,60,-113.81,-199.5,-100.56
20,-78.12,-329.25,-285.69,73,34.63,15.19,102.81,-23.38,169.5,149.69,30.56,60,-113.81,-199.5,-100.56
21,-73.44,-323.44,-280,75.75,31.75,12.37,103.94,-22.06,166.06,142.31,26.31,62.81,-108.31,-197.56,-99.31
22,-74.44,-323.94,-280.19,75,31.25,12.81,104.19,-22.31,166.44,142.81,26.12,63,-108.31,-197.94,-99.19
23,-75.5,-324.5,-280.44,74.5,31.06,13.38,104.38,-22.69,166.62,143.31,26.19,63.13,-108.44,-198.56,-99.37
24,-76.44,-325,-280.75,74.25,30.94,13.56,104.56,-22.75,166.81,143.69,26.31,63.25,-108.69,-199.06,-99.44
25,-77.31,-325.5,-281,74,30.88,13.69,104.63,-22.94,167,144.06,26.5,63.44,-109,-199.31,-99.37
26,-78.19,-326,-281.31,73.81,30.81,13.81,104.75,-23,167.13,144.44,26.81,63.63,-109.37,-199.81,-99.56
27,-78.87,-326.44,-281.5,73.69,30.75,13.94,104.75,-23.06,167.31,144.75,27.13,63.69,-109.81,-200.19,-99.62
28,-79.31,-326.88,-281.75,73.5,30.75,14.06,104.75,-23.12,167.44,145.06,27.5,63.81,-110.25,-200.69,-99.87
29,-79.69,-327.19,-281.94,73.44,30.75,14.13,104.94,-23.19,167.56,145.31,27.87,63.94,-110.69,-200.87,-99.81
30,-80.19,-327.5,-282.06,73.31,30.69,14.13,104.94,-23.19,167.62,145.56,28.25,64.06,-111.06,-200.87,-99.62
31,-80.62,-327.87,-282.25,73.25,30.69,14.19,105,-23.19,167.75,145.81,28.62,64.19,-111.44,-201.19,-99.81
32,-81,-328.19,-282.44,73.12,30.62,14.19,105.06,-23.25,167.94,146.06,28.94,64.31,-111.81,-201.56,-100
33,-81.31,-328.44,-282.62,73.06,30.62,14.25,105.06,-23.31,168.06,146.25,29.31,64.37,-112.25,-201.88,-100.19
34,-81.69,-328.69,-282.81,73,30.62,14.25,105.12,-23.31,168.25,146.44,29.63,64.44,-112.62,-202.25,-100.44
35,-81.94,-329,-283,72.94,30.62,14.31,105.12,-23.38,168.44,146.62,29.94,64.5,-113.06,-202.56,-100.62
36,-82.12,-329.19,-283.13,72.87,30.62,14.31,105.12,-23.44,168.56,146.81,30.19,64.56,-113.44,-202.75,-100.75
37,-82.37,-329.44,-283.31,72.81,30.62,14.38,105.19,-23.44,168.69,147,30.5,64.69,-113.75,-202.87,-100.75
38,-82.56,-329.63,-283.5,72.75,30.62,14.38,105.19,-23.5,168.87,147.06,30.75,64.75,-114.12,-203.19,-100.94
39,-82.75,-329.87,-283.62,72.69,30.62,14.44,105.19,-23.5,169,147.19,31,64.94,-114.44,-203.5,-101.12
40,-82.88,-330.06,-283.81,72.69,30.69,14.5,105.19,-23.56,169.13,147.25,31.19,65.06,-114.75,-203.81,-101.38
41,-83,-330.25,-283.94,72.62,30.69,14.5,105.25,-23.56,169.25,147.25,31.44,65.19,-115.06,-204.06,-101.5
42,-83.12,-330.44,-284.06,72.56,30.69,14.56,105.19,-23.62,169.44,147.25,31.62,65.37,-115.37,-204.25,-101.69
43,-83.19,-330.56,-284.25,72.5,30.69,14.56,105.25,-23.62,169.5,147.19,31.87,65.56,-115.62,-204.44,-101.81
44,-83.25,-330.75,-284.31,72.5,30.69,14.56,105.25,-23.62,169.62,147.19,32,65.69,-115.88,-204.63,-101.94
45,-83.25,-330.87,-284.44,72.5,30.75,14.56,105.25,-23.62,169.69,147.19,32.19,65.81,-116.12,-204.75,-102
46,-83.31,-331,-284.56,72.44,30.75,14.63,105.25,-23.69,169.81,147.19,32.38,65.94,-116.31,-204.81,-102.12
47,-83.31,-331.13,-284.62,72.37,30.69,14.63,105.25,-23.69,169.87,147.19,32.5,66,-116.56,-204.94,-102.19
48,-83.37,-331.25,-284.75,72.37,30.75,14.63,105.25,-23.75,170,147.25,32.69,66.06,-116.69,-205.06,-102.31
49,-83.44,-331.31,-284.81,72.37,30.75,14.69,105.25,-23.75,170.06,147.25,32.81,66.12,-116.94,-205.12,-102.44
50,-83.44,-331.38,-284.94,72.31,30.75,14.69,105.31,-23.75,170.12,147.25,32.94,66.12,-117.06,-205.25,-102.56
51,-83.44,-331.38,-285,72.31,30.75,14.69,105.31,-23.81,170.25,147.31,33.06,66.06,-117.25,-205.31,-102.62
52,-83.37,-331.31,-285.13,72.31,30.75,14.69,105.31,-23.81,170.25,147.37,33.19,66.06,-117.44,-205.37,-102.75
53,-83.37,-331.25,-285.19,72.25,30.81,14.75,105.31,-23.81,170.31,147.44,33.31,66,-117.56,-205.44,-102.81
54,-83.37,-331.13,-285.25,72.25,30.81,14.75,105.31,-23.81,170.38,147.56,33.38,65.94,-117.69,-205.44,-102.94
55,-83.31,-331.06,-285.31,72.19,30.81,14.75,105.31,-23.81,170.38,147.69,33.5,65.87,-117.81,-205.56,-102.94
56,-83.31,-331.13,-285.38,72.19,30.81,14.75,105.31,-23.81,170.44,147.81,33.56,65.81,-117.94,-205.62,-103.06
57,-83.25,-331.13,-285.44,72.19,30.81,14.81,105.31,-23.81,170.5,148,33.69,65.69,-118,-205.69,-103.06
58,-83.31,-331.19,-285.5,72.19,30.88,14.81,105.31,-23.87,170.56,148.13,33.75,65.69,-118.13,-205.75,-103.12
59,-83.31,-331.25,-285.56,72.12,30.88,14.81,105.31,-23.87,170.62,148.31,33.81,65.56,-118.19,-205.87,-103.19
60,-83.31,-331.31,-285.63,72.12,30.88,14.75,105.31,-23.87,170.62,148.44,33.88,65.5,-118.31,-205.94,-103.25
61,-83.37,-331.44,-285.63,72.12,30.94,14.81,105.31,-23.87,170.69,148.56,33.94,65.44,-118.37,-206.06,-103.31
62,-83.37,-331.5,-285.75,72.12,30.94,14.81,105.31,-23.87,170.75,148.75,34,65.37,-118.5,-206.13,-103.38
63,-83.44,-331.63,-285.81,72.06,30.94,14.81,105.12,-23.87,170.81,148.94,34.06,65.31,-118.56,-206.25,-103.44
64,-83.44,-331.69,-285.81,72.06,31.06,14.81,105.19,-23.94,170.87,149.06,34.13,65.25,-118.62,-206.38,-103.5
65,-83.44,-331.81,-285.88,72.06,31.06,14.81,105.25,-23.94,170.94,149.19,34.13,65.19,-118.69,-206.5,-103.56
66,-83.44,-331.87,-285.94,72.06,31,14.81,105.25,-23.94,170.94,149.38,34.19,65.12,-118.81,-206.56,-103.62
67,-83.37,-331.94,-285.94,72.06,31,14.81,105.31,-23.94,170.94,149.5,34.25,65.06,-118.87,-206.69,-103.62
68,-83.44,-332,-286.06,72.06,31.12,14.81,105.25,-23.94,171,149.62,34.31,65.06,-118.94,-206.81,-103.69
69,-83.44,-332.12,-286.06,72.06,31.12,14.81,105.19,-23.94,171.06,149.75,34.38,65,-119,-206.87,-103.75
70,-83.37,-332.19,-286.12,72.06,31.06,14.81,105.25,-23.94,171.13,149.87,34.44,65,-119.06,-207,-103.81
71,-83.44,-332.25,-286.12,72.06,31,14.81,105.31,-23.94,171.13,149.94,34.44,64.94,-119.13,-207.12,-103.87
72,-83.5,-332.25,-286.19,72,31,14.81,105.37,-23.94,171.19,150.06,34.5,64.94,-119.19,-207.25,-103.94
73,-83.5,-332.37,-286.25,72.06,31,14.81,105.37,-24,171.25,150.19,34.5,64.94,-119.25,-207.31,-104
74,-83.44,-332.44,-286.25,72.06,31,14.81,105.37,-24,171.25,150.25,34.56,64.87,-119.25,-207.37,-104
75,-83.44,-332.5,-286.31,72.06,31,14.81,105.37,-24,171.31,150.31,34.63,64.87,-119.37,-207.5,-104.12
76,-83.37,-332.56,-286.37,72.06,31.06,14.81,105.37,-24,171.37,150.44,34.63,64.81,-119.37,-207.56,-104.12
77,-83.31,-332.62,-286.37,72,31.06,14.81,105.37,-24,171.31,150.5,34.63,64.81,-119.44,-207.62,-104.19
78,-83.31,-332.69,-286.44,72,31.06,14.81,105.37,-24.06,171.37,150.62,34.69,64.75,-119.44,-207.75,-104.25
79,-83.31,-332.75,-286.5,72,31.06,14.81,105.37,-24,171.44,150.69,34.75,64.75,-119.5,-207.81,-104.31
80,-83.31,-332.81,-286.5,72,31.06,14.75,105.31,-24.06,171.5,150.81,34.75,64.75,-119.56,-207.87,-104.31
