Time [s],V3-5,V4-6,V5-7,V6-8,V7-9,V8-10,V9-11,V10-12,V11-13,V12-14,V13-15,V14-16,V15-17,V16-18,V17-18
1,-83.06,-307.37,-280.37,51.81,31.94,11.69,86.87,-23.94,186.37,154.5,40.06,79,-116.69,-217.87,-105
2,-83.06,-307.37,-280.37,51.75,31.94,11.69,86.87,-23.87,186.37,154.56,40,79,-116.69,-217.87,-105
3,-83.06,-307.37,-280.37,51.75,31.94,11.69,86.87,-23.94,186.37,154.56,40,79,-116.62,-217.94,-105.06
4,-83.06,-307.37,-280.31,51.69,31.94,11.69,86.87,-23.94,186.37,154.56,40,79.06,-116.62,-217.94,-105.06
5,-83.06,-307.31,-280.31,51.69,31.87,11.69,86.87,-23.94,186.37,154.56,40,79.06,-116.62,-218,-105.12
6,-83.06,-307.31,-280.31,51.69,31.87,11.75,86.94,-23.94,186.37,154.56,40,79,-116.62,-218,-105.12
7,-83,-307.31,-280.31,51.69,31.87,11.75,86.87,-23.94,186.37,154.56,40,79.06,-116.56,-218,-105.19
8,-83,-307.25,-280.31,51.63,31.87,11.75,86.94,-23.94,186.37,154.63,40,79.06,-116.56,-218.06,-105.25
9,-82.94,-307.25,-280.31,51.63,31.81,11.75,86.94,-23.94,186.37,154.63,40,79.06,-116.56,-218.06,-105.25
10,-82.94,-307.25,-280.25,51.63,31.87,11.75,86.87,-24,186.37,154.63,40,79.06,-116.5,-218.12,-105.25
11,-82.94,-307.25,-280.25,51.63,31.81,11.75,86.94,-24,186.37,154.63,39.94,79.06,-116.5,-218.12,-105.31
12,-82.94,-307.19,-280.25,51.63,31.81,11.81,86.94,-24,186.44,154.63,39.94,79.06,-116.5,-218.19,-105.37
13,-82.88,-307.19,-280.25,51.56,31.81,11.75,86.94,-24,186.37,154.63,39.94,79.06,-116.5,-218.19,-105.37
14,-82.94,-307.12,-280.25,51.56,31.81,11.81,86.94,-24,186.37,154.63,39.94,79.06,-116.5,-218.19,-105.44
15,-82.94,-307.12,-280.19,51.56,31.75,11.81,86.94,-24,186.37,154.63,39.94,79.06,-116.44,-218.19,-105.44
16,-82.94,-307.12,-280.19,51.56,31.75,11.81,86.87,-24,186.37,154.63,39.94,79.12,-116.44,-218.19,-105.5
17,-82.94,-307.12,-280.19,51.5,31.75,11.81,86.87,-24,186.37,154.69,39.94,79.12,-116.44,-218.25,-105.5
18,-82.94,-307.12,-280.19,51.5,31.75,11.81,86.94,-24.06,186.44,154.63,39.94,79.12,-116.44,-218.25,-105.5
19,-82.94,-307.12,-280.19,51.5,31.75,11.81,86.94,-24.06,186.44,154.69,39.88,79.12,-116.44,-218.31,-105.56
20,-82.88,-307.06,-280.12,51.5,31.75,11.81,86.94,-24.06,186.37,154.69,39.94,79.12,-116.37,-218.31,-105.56
21,-78.81,-302.31,-274.81,54.44,28.12,10.06,88.5,-22.56,183.5,148,36.56,81.94,-111.75,-218.69,-105.25
22,-79.81,-302.44,-274.88,53.94,27.94,10.44,88.56,-22.75,183.62,148.38,36.75,82,-112.06,-219,-105.19
23,-80.75,-302.56,-274.88,53.63,27.75,10.5,88.69,-22.75,183.75,148.56,37,82.19,-112.37,-219.31,-105.19
24,-81.44,-302.81,-274.94,53.19,27.69,10.63,88.75,-22.81,183.75,148.81,37.31,82.31,-112.69,-219.75,-105.44
25,-82.12,-303,-275,52.88,27.62,10.81,88.81,-22.87,183.81,149,37.69,82.44,-113.06,-220.25,-105.69
26,-82.75,-303.19,-275.06,52.62,27.56,10.81,88.81,-22.87,183.81,149.19,38,82.56,-113.44,-220.63,-105.87
27,-83.31,-303.37,-275.19,52.62,27.5,10.69,88.94,-22.87,183.87,149.31,38.38,82.69,-113.75,-220.94,-106
28,-83.75,-303.69,-275.38,52.38,27.5,10.81,88.94,-22.94,183.87,149.5,38.69,82.75,-114.06,-221.19,-106.19
29,-84.13,-303.94,-275.5,52.19,27.5,10.88,88.94,-22.94,183.87,149.56,39.06,82.88,-114.37,-221.37,-106.31
30,-84.37,-304.19,-275.62,52.06,27.5,10.94,88.94,-23,183.87,149.75,39.38,83,-114.69,-221.5,-106.37
31,-84.62,-304.38,-275.75,52,27.5,11,89,-23.06,183.94,149.81,39.69,83.12,-115,-221.69,-106.37
32,-84.87,-304.5,-275.81,51.94,27.44,11,88.94,-23.12,184.06,149.94,39.94,83.19,-115.37,-221.81,-106.37
33,-85.12,-304.69,-275.94,51.88,27.37,11.06,88.94,-23.25,184.13,150.12,40.19,83.31,-115.62,-221.87,-106.31
34,-85.25,-304.81,-276,51.81,27.37,11.12,88.94,-23.25,184.19,150.19,40.44,83.37,-115.94,-221.94,-106.31
35,-85.38,-305,-276.06,51.75,27.31,11.12,88.94,-23.38,184.25,150.31,40.69,83.37,-116.19,-222.06,-106.31
36,-85.5,-305.12,-276.12,51.75,27.31,11.19,88.94,-23.38,184.31,150.44,40.88,83.5,-116.5,-222.12,-106.25
37,-85.69,-305.31,-276.12,51.69,27.31,11.19,88.94,-23.5,184.37,150.56,41.06,83.56,-116.69,-222.12,-106.19
38,-85.81,-305.44,-276.19,51.63,27.31,11.25,88.94,-23.5,184.44,150.62,41.25,83.62,-116.94,-222.06,-106.06
39,-86,-305.56,-276.25,51.56,27.31,11.25,88.87,-23.56,184.5,150.75,41.44,83.69,-117.19,-222,-105.87
40,-86.19,-305.69,-276.31,51.5,27.25,11.31,88.87,-23.56,184.63,150.81,41.56,83.75,-117.37,-222.06,-105.87
41,-86.37,-305.75,-276.37,51.5,27.31,11.31,88.87,-23.62,184.69,150.87,41.75,83.81,-117.56,-221.87,-105.63
42,-86.56,-305.81,-276.37,51.44,27.25,11.31,88.81,-23.69,184.75,150.94,41.88,83.94,-117.81,-221.94,-105.69
43,-86.63,-305.94,-276.37,51.44,27.25,11.31,88.87,-23.75,184.81,151,42,84,-117.94,-222.06,-105.69
44,-86.56,-306.06,-276.44,51.37,27.25,11.31,88.81,-23.75,184.81,151,42.19,84.06,-118.13,-222.06,-105.63
45,-86.5,-306.13,-276.44,51.37,27.25,11.31,88.81,-23.81,184.81,151.12,42.31,84.06,-118.31,-222.12,-105.63
46,-86.56,-306.19,-276.44,51.31,27.25,11.31,88.81,-23.87,184.81,151.19,42.44,84.06,-118.44,-222.19,-105.69
47,-86.56,-306.31,-276.44,51.31,27.25,11.31,88.75,-23.87,184.87,151.25,42.56,84.13,-118.56,-222.31,-105.75
48,-86.63,-306.44,-276.44,51.31,27.5,11.38,88.56,-23.94,184.94,151.31,42.62,84.13,-118.62,-222.44,-105.81
49,-86.75,-306.5,-276.5,51.25,27.37,11.38,88.62,-23.94,184.94,151.44,42.69,84.13,-118.81,-222.56,-105.87
50,-86.87,-306.63,-276.5,51.25,27.5,11.38,88.19,-24,185,151.5,42.81,84.13,-118.87,-222.69,-105.94
51,-86.94,-306.69,-276.56,51.25,27.94,11.38,88.06,-24,185.06,151.56,42.88,84.13,-119,-222.75,-106.06
52,-87.06,-306.75,-276.5,51.19,27.94,11.38,88.06,-24.06,185.12,151.63,42.94,84.19,-119.13,-222.88,-106.06
53,-87.12,-306.81,-276.56,51.19,27.87,11.44,88.06,-24.06,185.19,151.69,43,84.19,-119.25,-223,-106.12
54,-87.12,-306.87,-276.56,51.19,28,11.44,87.94,-24.12,185.19,151.75,43.06,84.19,-119.31,-223.06,-106.19
55,-87.06,-306.87,-276.56,51.13,28.06,11.44,87.88,-24.12,185.19,151.81,43.13,84.19,-119.37,-223.13,-106.19
56,-87.12,-306.94,-276.56,51.13,28.06,11.44,87.81,-24.19,185.25,151.94,43.19,84.19,-119.44,-223.25,-106.25
57,-87.06,-307,-276.56,51.13,28.06,11.44,87.88,-24.19,185.25,151.94,43.25,84.25,-119.56,-223.31,-106.25
58,-87.06,-307.06,-276.56,51.13,28.06,11.44,87.88,-24.25,185.31,152,43.31,84.25,-119.62,-223.38,-106.31
59,-87.06,-307.19,-276.56,51.06,28.06,11.5,87.81,-24.25,185.31,152.12,43.31,84.25,-119.69,-223.44,-106.37
60,-87.06,-307.25,-276.5,51.06,28.06,11.5,87.81,-24.31,185.31,152.19,43.38,84.19,-119.75,-223.5,-106.37
61,-87.19,-307.31,-276.56,51.06,28.06,11.5,87.88,-24.31,185.37,152.19,43.44,84.19,-119.81,-223.62,-106.44
62,-87.25,-307.37,-276.56,51.06,28,11.5,87.81,-24.31,185.44,152.31,43.5,84.25,-119.87,-223.69,-106.5
63,-87.37,-307.37,-276.56,51.06,28,11.5,87.81,-24.37,185.5,152.31,43.5,84.25,-119.94,-223.75,-106.56
64,-87.44,-307.37,-276.5,51.06,28.06,11.5,87.75,-24.37,185.56,152.38,43.56,84.31,-120,-223.81,-106.56
65,-87.44,-307.37,-276.56,51.06,28,11.5,87.81,-24.44,185.56,152.44,43.56,84.31,-120.06,-223.56,-106.31
66,-87.44,-307.44,-276.56,51.06,27.94,11.56,87.81,-24.44,185.56,152.44,43.63,84.31,-120.19,-223.62,-106.31
67,-87.37,-307.5,-276.56,51.06,27.94,11.56,87.88,-24.5,185.56,152.5,43.69,84.31,-120.19,-223.62,-106.31
68,-87.37,-307.5,-276.56,51,27.81,11.56,87.94,-24.5,185.56,152.56,43.69,84.31,-120.25,-223.69,-106.31
69,-87.44,-307.56,-276.56,51.06,27.75,11.56,88,-24.5,185.63,152.62,43.75,84.31,-120.31,-223.75,-106.37
70,-87.5,-307.62,-276.56,51.06,28.31,11.56,87.44,-24.56,185.69,152.62,43.75,84.31,-120.31,-223.81,-106.44
71,-87.56,-307.62,-276.56,51.06,28.31,11.56,87.44,-24.56,185.69,152.69,43.75,84.37,-120.37,-223.94,-106.5
72,-87.56,-307.62,-276.56,51.06,28.31,11.56,87.37,-24.63,185.75,152.69,43.75,84.37,-120.44,-224,-106.56
73,-87.56,-307.62,-276.56,51.06,28.31,11.56,87.37,-24.63,185.81,152.75,43.81,84.37,-120.5,-224.12,-106.63
74,-87.56,-307.62,-276.56,51.06,28.38,11.56,87.31,-24.63,185.81,152.75,43.81,84.37,-120.56,-224.19,-106.69
75,-87.62,-307.62,-276.56,51.06,28.38,11.56,87.25,-24.69,185.81,152.75,43.81,84.44,-120.56,-224.25,-106.75
76,-87.56,-307.69,-276.56,51.06,28.38,11.56,87.25,-24.69,185.88,152.81,43.87,84.37,-120.62,-224.31,-106.75
77,-87.56,-307.69,-276.56,51.06,28.38,11.56,87.25,-24.75,185.88,152.81,43.87,84.37,-120.62,-224.37,-106.81
78,-87.56,-307.75,-276.56,51.06,28.31,11.56,87.31,-24.75,185.88,152.87,43.94,84.44,-120.69,-224.37,-106.81
79,-87.56,-307.75,-276.56,51.06,28.31,11.56,87.31,-24.81,185.94,152.87,43.94,84.44,-120.69,-224.44,-106.87
80,-87.62,-307.81,-276.56,51.06,28.25,11.56,87.31,-24.81,185.94,152.94,43.94,84.44,-120.75,-224.5,-106.87
