Time [s],V3-5,V4-6,V5-7,V6-8,V7-9,V8-10,V9-11,V10-12,V11-13,V12-14,V13-15,V14-16,V15-17,V16-18,V17-18
1,-77.5,-330.19,-282.69,72.75,31,16.19,102.62,-24.19,169.13,149.75,30.37,56.44,-115.19,-192.81,-95.87
2,-77.5,-330.19,-282.62,72.75,31,16.25,102.62,-24.25,169.13,149.75,30.37,56.44,-115.19,-192.87,-95.87
3,-77.5,-330.19,-282.69,72.69,31,16.25,102.62,-24.25,169.13,149.75,30.37,56.44,-115.12,-192.87,-95.94
4,-77.5,-330.19,-282.69,72.69,31,16.25,102.62,-24.25,169.19,149.81,30.37,56.44,-115.19,-192.94,-96
5,-77.5,-330.19,-282.69,72.62,31,16.31,102.62,-24.31,169.19,149.81,30.31,56.44,-115.12,-193,-96.06
6,-77.44,-330.12,-282.69,72.62,31,16.31,102.62,-24.31,169.19,149.81,30.31,56.44,-115.12,-193,-96.12
7,-77.37,-330.12,-282.69,72.62,31,16.31,102.62,-24.31,169.13,149.87,30.31,56.44,-115.12,-193,-96.19
8,-77.37,-330.12,-282.69,72.62,31,16.37,102.69,-24.31,169.13,149.81,30.31,56.44,-115.12,-193.06,-96.19
9,-77.37,-330.06,-282.69,72.56,31,16.37,102.69,-24.37,169.13,149.87,30.31,56.44,-115.06,-193.06,-96.25
10,-77.37,-330.06,-282.62,72.56,31,16.37,102.69,-24.37,169.13,149.87,30.31,56.44,-115.06,-193.13,-96.31
11,-77.37,-330.06,-282.69,72.56,31,16.37,102.69,-24.44,169.19,149.94,30.31,56.44,-115.06,-193.13,-96.37
12,-77.37,-330,-282.69,72.5,31,16.37,102.69,-24.37,169.13,149.94,30.31,56.37,-115.06,-193.19,-96.37
13,-77.37,-330,-282.69,72.56,31,16.37,102.69,-24.44,169.13,149.94,30.31,56.37,-115,-193.19,-96.44
14,-77.37,-329.94,-282.62,72.56,31,16.44,102.75,-24.44,169.13,149.94,30.31,56.37,-115,-193.25,-96.5
15,-77.31,-329.94,-282.62,72.5,31,16.44,102.69,-24.5,169.13,149.94,30.25,56.37,-115,-193.25,-96.56
16,-77.31,-329.94,-282.62,72.5,30.94,16.44,102.69,-24.44,169.13,149.94,30.25,56.37,-115,-193.25,-96.56
17,-77.37,-329.94,-282.62,72.44,31,16.44,102.75,-24.5,169.19,149.94,30.25,56.37,-115,-193.25,-96.63
18,-77.37,-329.94,-282.62,72.44,30.94,16.44,102.75,-24.5,169.13,149.94,30.25,56.31,-114.94,-193.31,-96.69
19,-77.37,-329.87,-282.62,72.44,31,16.44,102.75,-24.5,169.13,150,30.25,56.31,-114.94,-193.31,-96.75
20,-77.31,-329.87,-282.69,72.44,30.94,16.5,102.75,-24.5,169.13,150,30.25,56.31,-115,-193.37,-96.75
21,-71.56,-321.19,-276.25,78.06,30,11.81,104.25,-19.5,164.06,136.75,25.25,60.19,-108,-188.75,-92.5
22,-73.5,-322.25,-276.5,77.19,29.56,12.06,104.06,-19.62,164.69,137.75,25.06,60,-108,-187.75,-91.12
23,-75.25,-323.25,-276.81,76.62,29.25,12.44,104.12,-19.81,165.12,138.56,25.06,59.88,-108.25,-187.56,-90.62
24,-76.62,-324.19,-277.19,76.19,28.94,12.69,104.19,-20.06,165.56,139.37,25.31,59.88,-108.69,-187.69,-90.44
25,-77.81,-325.06,-277.5,75.81,28.94,13.06,104.06,-20.37,165.94,140,25.62,60,-109.12,-188.06,-90.44
26,-78.75,-325.87,-277.94,75.56,28.75,13.19,104.19,-20.56,166.25,140.62,26,60.12,-109.69,-188.5,-90.56
27,-79.44,-326.56,-278.31,75.25,28.62,13.44,104.25,-20.81,166.56,141.19,26.44,60.31,-110.25,-189,-90.75
28,-80,-327.13,-278.69,75.06,28.44,13.56,104.31,-20.94,166.81,141.69,26.87,60.44,-110.88,-189.5,-91
29,-80.44,-327.69,-279.06,74.87,28.38,13.75,104.38,-21.19,167.06,142.19,27.31,60.56,-111.37,-190,-91.19
30,-80.75,-328.19,-279.38,74.69,28.31,13.94,104.44,-21.37,167.25,142.62,27.81,60.69,-111.94,-190.56,-91.5
31,-81,-328.62,-279.69,74.5,28.25,14.06,104.44,-21.56,167.5,143.06,28.25,60.81,-112.5,-191.12,-91.75
32,-81.19,-329,-280.06,74.31,28.19,14.13,104.5,-21.69,167.69,143.44,28.69,60.94,-113,-191.62,-92.12
33,-81.31,-329.38,-280.31,74.19,28.12,14.25,104.5,-21.81,167.87,143.81,29.06,61.06,-113.44,-192.19,-92.44
34,-81.44,-329.69,-280.56,74,28.12,14.38,104.5,-21.94,168.06,144.13,29.5,61.13,-113.94,-192.62,-92.75
35,-81.56,-330,-280.75,73.87,28.06,14.5,104.56,-22.06,168.19,144.5,29.81,61.19,-114.37,-193.19,-93.12
36,-81.63,-330.31,-281,73.75,28,14.56,104.56,-22.13,168.37,144.75,30.19,61.31,-114.81,-193.62,-93.37
37,-81.69,-330.5,-281.13,73.69,27.94,14.63,104.63,-22.25,168.5,144.94,30.44,61.37,-115.19,-194.06,-93.69
38,-81.75,-330.75,-281.31,73.56,27.94,14.69,104.63,-22.25,168.62,145.19,30.75,61.5,-115.56,-194.5,-93.94
39,-81.81,-330.94,-281.5,73.5,27.87,14.81,104.63,-22.31,168.81,145.31,31,61.63,-115.88,-194.87,-94.19
40,-81.94,-331.19,-281.63,73.37,27.87,14.81,104.69,-22.37,168.94,145.44,31.25,61.81,-116.25,-195.19,-94.37
41,-82,-331.38,-281.81,73.31,27.87,14.87,104.69,-22.44,169.06,145.5,31.56,62,-116.56,-195.5,-94.62
42,-82,-331.5,-281.87,73.19,27.87,14.94,104.69,-22.5,169.19,145.56,31.75,62.19,-116.88,-195.81,-94.81
43,-82.19,-331.69,-282.06,73.12,27.81,15,104.69,-22.62,169.31,145.69,31.94,62.31,-117.13,-196.06,-94.94
44,-82.25,-331.81,-282.19,73.06,27.81,15.13,104.75,-22.62,169.44,145.75,32.13,62.44,-117.44,-196.31,-95.12
45,-82.31,-331.87,-282.31,73,27.81,15.13,104.75,-22.69,169.5,145.87,32.31,62.56,-117.62,-196.5,-95.25
46,-82.37,-331.94,-282.44,72.94,27.81,15.13,104.81,-22.75,169.62,145.94,32.5,62.62,-117.87,-196.69,-95.44
47,-82.37,-332,-282.56,72.87,27.75,15.19,104.81,-22.81,169.75,146,32.69,62.69,-118.13,-196.94,-95.62
48,-82.44,-332.06,-282.69,72.81,27.75,15.19,104.81,-22.87,169.81,146.13,32.81,62.75,-118.31,-197.06,-95.75
49,-82.44,-332.12,-282.75,72.81,27.75,15.25,104.87,-22.94,169.94,146.25,32.94,62.75,-118.5,-197.25,-95.87
50,-82.5,-332.12,-282.87,72.75,27.75,15.31,104.87,-23,170,146.31,33.06,62.81,-118.62,-197.37,-96.06
51,-82.44,-332.12,-282.94,72.75,27.75,15.38,104.94,-23.06,170.06,146.44,33.19,62.81,-118.87,-197.5,-96.19
52,-82.37,-332.12,-282.94,72.75,27.69,15.38,104.94,-23.12,170,146.56,33.38,62.81,-119,-197.69,-96.31
53,-82.31,-332.12,-283,72.69,27.69,15.44,105,-23.19,170.06,146.69,33.44,62.81,-119.13,-197.87,-96.37
54,-82.25,-332.12,-283.06,72.69,27.69,15.5,105,-23.25,170.12,146.81,33.56,62.81,-119.31,-197.94,-96.5
55,-82.25,-332.19,-283.13,72.62,27.69,15.5,105.06,-23.31,170.12,146.94,33.63,62.81,-119.37,-198.06,-96.56
56,-82.19,-332.19,-283.19,72.62,27.69,15.56,105.06,-23.38,170.19,147.13,33.75,62.75,-119.5,-198.19,-96.69
57,-82.19,-332.25,-283.31,72.56,27.69,15.56,105.12,-23.44,170.25,147.25,33.81,62.69,-119.56,-198.31,-96.81
58,-82.25,-332.31,-283.31,72.56,27.69,15.56,105.12,-23.5,170.25,147.44,33.88,62.69,-119.69,-198.44,-96.87
59,-82.25,-332.44,-283.38,72.56,27.69,15.63,105.06,-23.5,170.31,147.56,33.94,62.62,-119.75,-198.56,-96.94
60,-82.25,-332.44,-283.44,72.5,27.81,15.63,105.06,-23.56,170.38,147.75,34.06,62.62,-119.87,-198.75,-97.06
61,-82.19,-332.56,-283.5,72.5,27.75,15.69,105.12,-23.62,170.44,147.87,34.13,62.56,-119.94,-198.87,-97.12
62,-82.19,-332.62,-283.5,72.44,27.75,15.69,105.12,-23.69,170.44,148,34.13,62.5,-120,-198.94,-97.25
63,-82.19,-332.75,-283.56,72.44,27.75,15.75,105.12,-23.75,170.5,148.19,34.19,62.5,-120.06,-199.12,-97.31
64,-82.19,-332.81,-283.62,72.37,27.75,15.75,105.12,-23.75,170.56,148.31,34.25,62.5,-120.13,-199.25,-97.44
65,-82.19,-332.87,-283.62,72.37,27.75,15.75,105.12,-23.81,170.56,148.44,34.25,62.44,-120.19,-199.38,-97.5
66,-82.12,-332.94,-283.62,72.31,27.75,15.75,105.19,-23.87,170.56,148.56,34.31,62.38,-120.25,-199.44,-97.56
67,-82.06,-332.94,-283.69,72.31,27.69,15.81,105.19,-23.87,170.62,148.69,34.44,62.38,-120.31,-199.56,-97.62
68,-82.06,-332.94,-283.69,72.31,27.75,15.81,105.19,-23.94,170.62,148.81,34.44,62.38,-120.37,-199.69,-97.69
69,-82.12,-333.06,-283.69,72.25,27.69,15.81,105.25,-24,170.69,148.87,34.44,62.38,-120.37,-199.75,-97.81
70,-82.12,-333.06,-283.75,72.25,27.75,15.81,105.19,-24,170.75,149,34.44,62.31,-120.44,-199.87,-97.88
71,-82.19,-333.13,-283.75,72.25,27.75,15.81,105.25,-24,170.81,149.12,34.5,62.31,-120.5,-200,-97.94
72,-82.19,-333.19,-283.81,72.25,27.75,15.81,105.25,-24.06,170.81,149.25,34.5,62.31,-120.56,-200.06,-98.06
73,-82.19,-333.25,-283.81,72.19,27.75,15.88,105.19,-24.12,170.87,149.38,34.5,62.31,-120.56,-200.19,-98.12
74,-82.19,-333.31,-283.81,72.19,27.75,15.88,105.25,-24.12,170.94,149.44,34.56,62.25,-120.62,-200.31,-98.19
75,-82.19,-333.31,-283.87,72.19,27.75,15.94,105.19,-24.19,170.94,149.5,34.56,62.25,-120.69,-200.38,-98.25
76,-82.19,-333.31,-283.94,72.12,27.81,15.88,105.19,-24.19,170.94,149.56,34.63,62.31,-120.69,-200.5,-98.31
77,-82.19,-333.38,-283.94,72.12,27.81,15.94,105.12,-24.25,171,149.62,34.63,62.31,-120.75,-200.56,-98.37
78,-82.19,-333.44,-284,72.12,27.81,15.94,105.19,-24.25,171.06,149.69,34.63,62.31,-120.75,-200.62,-98.44
79,-82.25,-333.5,-284,72.12,27.81,15.94,105.12,-24.31,171.06,149.75,34.69,62.31,-120.81,-200.69,-98.5
80,-82.25,-333.5,-284.06,72.12,27.87,15.94,105.12,-24.31,171.13,149.81,34.69,62.31,-120.81,-200.81,-98.56
